time,total_population,colonized,detected,isolated
3651.00,99,44,7,7
3651.00,99,44,7,7
3652.00,100,43,7,7
3652.00,100,43,7,7
3653.00,102,45,7,7
3653.00,102,45,7,7
3654.00,105,45,5,5
3654.00,105,45,5,5
3655.00,106,45,6,6
3655.00,106,45,6,6
3656.00,107,47,7,7
3656.00,107,47,7,7
3657.00,103,41,7,7
3657.00,103,41,7,7
3658.00,103,40,7,7
3658.00,103,40,7,7
3659.00,103,41,7,7
3659.00,103,41,7,7
3660.00,105,40,7,7
3660.00,105,40,7,7
3661.00,103,40,7,7
3661.00,103,40,7,7
3662.00,103,39,7,7
3662.00,103,39,7,7
3663.00,104,38,6,6
3663.00,104,38,6,6
3664.00,105,40,6,6
3664.00,105,40,6,6
3665.00,100,40,8,8
3665.00,100,40,8,8
3666.00,101,43,12,12
3666.00,101,43,12,12
3667.00,98,42,14,14
3667.00,98,42,14,14
3668.00,101,45,14,14
3668.00,101,45,14,14
3669.00,100,46,15,15
3669.00,100,46,15,15
3670.00,92,41,16,16
3670.00,92,41,16,16
3671.00,89,39,14,14
3671.00,89,39,14,14
3672.00,95,41,14,14
3672.00,95,41,14,14
3673.00,96,40,14,14
3673.00,96,40,14,14
3674.00,101,42,14,14
3674.00,101,42,14,14
3675.00,104,43,12,12
3675.00,104,43,12,12
3676.00,110,45,11,11
3676.00,110,45,11,11
3677.00,114,45,12,12
3677.00,114,45,12,12
3678.00,115,43,11,11
3678.00,115,43,11,11
3679.00,111,41,12,12
3679.00,111,41,12,12
3680.00,109,40,13,13
3680.00,109,40,13,13
3681.00,108,39,13,13
3681.00,108,39,13,13
3682.00,105,34,11,11
3682.00,105,34,11,11
3683.00,104,31,10,10
3683.00,104,31,10,10
3684.00,101,30,11,11
3684.00,101,30,11,11
3685.00,102,29,11,11
3685.00,102,29,11,11
3686.00,103,29,12,12
3686.00,103,29,12,12
3687.00,103,29,11,11
3687.00,103,29,11,11
3688.00,103,29,14,14
3688.00,103,29,14,14
3689.00,102,28,15,15
3689.00,102,28,15,15
3690.00,97,28,15,15
3690.00,97,28,15,15
3691.00,97,27,13,13
3691.00,97,27,13,13
3692.00,93,28,14,14
3692.00,93,28,14,14
3693.00,92,28,12,12
3693.00,92,28,12,12
3694.00,88,26,12,12
3694.00,88,26,12,12
3695.00,87,26,12,12
3695.00,87,26,12,12
3696.00,86,25,12,12
3696.00,86,25,12,12
3697.00,86,26,14,14
3697.00,86,26,14,14
3698.00,83,26,14,14
3698.00,83,26,14,14
3699.00,83,27,14,14
3699.00,83,27,14,14
3700.00,83,26,14,14
3700.00,83,26,14,14
3701.00,82,24,13,13
3701.00,82,24,13,13
3702.00,79,20,11,11
3702.00,79,20,11,11
3703.00,77,20,10,10
3703.00,77,20,10,10
3704.00,79,18,8,8
3704.00,79,18,8,8
3705.00,80,17,7,7
3705.00,80,17,7,7
3706.00,86,21,8,8
3706.00,86,21,8,8
3707.00,83,19,8,8
3707.00,83,19,8,8
3708.00,85,19,7,7
3708.00,85,19,7,7
3709.00,89,19,8,8
3709.00,89,19,8,8
3710.00,86,18,7,7
3710.00,86,18,7,7
3711.00,86,18,7,7
3711.00,86,18,7,7
3712.00,89,18,6,6
3712.00,89,18,6,6
3713.00,85,19,6,6
3713.00,85,19,6,6
3714.00,87,19,6,6
3714.00,87,19,6,6
3715.00,87,19,6,6
3715.00,87,19,6,6
3716.00,88,18,5,5
3716.00,88,18,5,5
3717.00,88,18,6,6
3717.00,88,18,6,6
3718.00,86,18,7,7
3718.00,86,18,7,7
3719.00,86,19,7,7
3719.00,86,19,7,7
3720.00,84,16,9,9
3720.00,84,16,9,9
3721.00,86,18,9,9
3721.00,86,18,9,9
3722.00,83,17,7,7
3722.00,83,17,7,7
3723.00,84,15,7,7
3723.00,84,15,7,7
3724.00,84,15,6,6
3724.00,84,15,6,6
3725.00,85,15,6,6
3725.00,85,15,6,6
3726.00,82,16,7,7
3726.00,82,16,7,7
3727.00,84,17,8,8
3727.00,84,17,8,8
3728.00,82,18,7,7
3728.00,82,18,7,7
3729.00,84,19,7,7
3729.00,84,19,7,7
3730.00,83,18,7,7
3730.00,83,18,7,7
3731.00,83,22,7,7
3731.00,83,22,7,7
3732.00,80,25,7,7
3732.00,80,25,7,7
3733.00,85,28,10,10
3733.00,85,28,10,10
3734.00,86,28,11,11
3734.00,86,28,11,11
3735.00,88,28,12,12
3735.00,88,28,12,12
3736.00,88,29,15,15
3736.00,88,29,15,15
3737.00,87,31,15,15
3737.00,87,31,15,15
3738.00,92,31,16,16
3738.00,92,31,16,16
3739.00,89,32,14,14
3739.00,89,32,14,14
3740.00,88,32,13,13
3740.00,88,32,13,13
3741.00,88,33,14,14
3741.00,88,33,14,14
3742.00,91,32,11,11
3742.00,91,32,11,11
3743.00,92,31,10,10
3743.00,92,31,10,10
3744.00,91,31,8,8
3744.00,91,31,8,8
3745.00,93,31,10,10
3745.00,93,31,10,10
3746.00,94,31,10,10
3746.00,94,31,10,10
3747.00,99,35,10,10
3747.00,99,35,10,10
3748.00,99,33,10,10
3748.00,99,33,10,10
3749.00,96,33,13,13
3749.00,96,33,13,13
3750.00,94,35,14,14
3750.00,94,35,14,14
3751.00,96,35,14,14
3751.00,96,35,14,14
3752.00,97,34,17,17
3752.00,97,34,17,17
3753.00,95,35,19,19
3753.00,95,35,19,19
3754.00,102,38,19,19
3754.00,102,38,19,19
3755.00,101,36,19,19
3755.00,101,36,19,19
3756.00,98,37,21,21
3756.00,98,37,21,21
3757.00,98,37,20,20
3757.00,98,37,20,20
3758.00,95,36,22,22
3758.00,95,36,22,22
3759.00,94,35,24,24
3759.00,94,35,24,24
3760.00,93,35,24,24
3760.00,93,35,24,24
3761.00,98,36,27,27
3761.00,98,36,27,27
3762.00,101,34,26,26
3762.00,101,34,26,26
3763.00,102,34,25,25
3763.00,102,34,25,25
3764.00,104,34,26,26
3764.00,104,34,26,26
3765.00,108,31,23,23
3765.00,108,31,23,23
3766.00,105,32,23,23
3766.00,105,32,23,23
3767.00,108,35,22,22
3767.00,108,35,22,22
3768.00,107,33,21,21
3768.00,107,33,21,21
3769.00,101,30,20,20
3769.00,101,30,20,20
3770.00,99,30,21,21
3770.00,99,30,21,21
3771.00,96,28,18,18
3771.00,96,28,18,18
3772.00,92,29,17,17
3772.00,92,29,17,17
3773.00,94,28,17,17
3773.00,94,28,17,17
3774.00,97,27,17,17
3774.00,97,27,17,17
3775.00,95,25,17,17
3775.00,95,25,17,17
3776.00,91,24,16,16
3776.00,91,24,16,16
3777.00,92,24,15,15
3777.00,92,24,15,15
3778.00,99,25,15,15
3778.00,99,25,15,15
3779.00,100,27,15,15
3779.00,100,27,15,15
3780.00,102,28,15,15
3780.00,102,28,15,15
3781.00,105,26,14,14
3781.00,105,26,14,14
3782.00,103,25,15,15
3782.00,103,25,15,15
3783.00,103,25,17,17
3783.00,103,25,17,17
3784.00,100,25,20,20
3784.00,100,25,20,20
3785.00,99,23,19,19
3785.00,99,23,19,19
3786.00,102,22,18,18
3786.00,102,22,18,18
3787.00,103,23,17,17
3787.00,103,23,17,17
3788.00,105,23,16,16
3788.00,105,23,16,16
3789.00,107,25,16,16
3789.00,107,25,16,16
3790.00,108,23,14,14
3790.00,108,23,14,14
3791.00,111,25,14,14
3791.00,111,25,14,14
3792.00,108,24,14,14
3792.00,108,24,14,14
3793.00,107,26,13,13
3793.00,107,26,13,13
3794.00,108,26,14,14
3794.00,108,26,14,14
3795.00,106,25,13,13
3795.00,106,25,13,13
3796.00,109,27,13,13
3796.00,109,27,13,13
3797.00,107,27,12,12
3797.00,107,27,12,12
3798.00,109,28,12,12
3798.00,109,28,12,12
3799.00,110,28,12,12
3799.00,110,28,12,12
3800.00,109,30,14,14
3800.00,109,30,14,14
3801.00,109,32,15,15
3801.00,109,32,15,15
3802.00,108,31,15,15
3802.00,108,31,15,15
3803.00,108,30,15,15
3803.00,108,30,15,15
3804.00,109,31,15,15
3804.00,109,31,15,15
3805.00,107,30,15,15
3805.00,107,30,15,15
3806.00,102,30,14,14
3806.00,102,30,14,14
3807.00,105,29,16,16
3807.00,105,29,16,16
3808.00,106,32,16,16
3808.00,106,32,16,16
3809.00,102,29,14,14
3809.00,102,29,14,14
3810.00,104,27,16,16
3810.00,104,27,16,16
3811.00,102,27,16,16
3811.00,102,27,16,16
3812.00,100,30,15,15
3812.00,100,30,15,15
3813.00,100,30,15,15
3813.00,100,30,15,15
3814.00,98,29,16,16
3814.00,98,29,16,16
3815.00,98,30,18,18
3815.00,98,30,18,18
3816.00,99,31,16,16
3816.00,99,31,16,16
3817.00,101,32,17,17
3817.00,101,32,17,17
3818.00,98,32,18,18
3818.00,98,32,18,18
3819.00,97,35,19,19
3819.00,97,35,19,19
3820.00,100,35,20,20
3820.00,100,35,20,20
3821.00,101,36,19,19
3821.00,101,36,19,19
3822.00,100,32,17,17
3822.00,100,32,17,17
3823.00,103,35,18,18
3823.00,103,35,18,18
3824.00,105,33,18,18
3824.00,105,33,18,18
3825.00,101,31,18,18
3825.00,101,31,18,18
3826.00,104,33,18,18
3826.00,104,33,18,18
3827.00,101,33,17,17
3827.00,101,33,17,17
3828.00,101,34,17,17
3828.00,101,34,17,17
3829.00,101,33,17,17
3829.00,101,33,17,17
3830.00,102,35,18,18
3830.00,102,35,18,18
3831.00,105,35,22,22
3831.00,105,35,22,22
3832.00,102,35,21,21
3832.00,102,35,21,21
3833.00,102,37,21,21
3833.00,102,37,21,21
3834.00,101,37,23,23
3834.00,101,37,23,23
3835.00,102,40,23,23
3835.00,102,40,23,23
3836.00,103,38,21,21
3836.00,103,38,21,21
3837.00,100,37,21,21
3837.00,100,37,21,21
3838.00,100,37,24,24
3838.00,100,37,24,24
3839.00,99,39,24,24
3839.00,99,39,24,24
3840.00,94,35,21,21
3840.00,94,35,21,21
3841.00,96,37,20,20
3841.00,96,37,20,20
3842.00,97,38,20,20
3842.00,97,38,20,20
3843.00,95,36,18,18
3843.00,95,36,18,18
3844.00,95,35,18,18
3844.00,95,35,18,18
3845.00,98,34,20,20
3845.00,98,34,20,20
3846.00,102,34,19,19
3846.00,102,34,19,19
3847.00,99,36,20,20
3847.00,99,36,20,20
3848.00,97,38,19,19
3848.00,97,38,19,19
3849.00,93,38,21,21
3849.00,93,38,21,21
3850.00,97,38,23,23
3850.00,97,38,23,23
3851.00,97,36,20,20
3851.00,97,36,20,20
3852.00,96,37,23,23
3852.00,96,37,23,23
3853.00,97,39,23,23
3853.00,97,39,23,23
3854.00,93,38,21,21
3854.00,93,38,21,21
3855.00,91,37,21,21
3855.00,91,37,21,21
3856.00,87,35,21,21
3856.00,87,35,21,21
3857.00,86,33,21,21
3857.00,86,33,21,21
3858.00,82,32,21,21
3858.00,82,32,21,21
3859.00,79,34,19,19
3859.00,79,34,19,19
3860.00,76,28,20,20
3860.00,76,28,20,20
3861.00,78,29,21,21
3861.00,78,29,21,21
3862.00,80,29,21,21
3862.00,80,29,21,21
3863.00,78,30,22,22
3863.00,78,30,22,22
3864.00,73,28,23,23
3864.00,73,28,23,23
3865.00,77,30,24,24
3865.00,77,30,24,24
3866.00,80,31,24,24
3866.00,80,31,24,24
3867.00,76,29,19,19
3867.00,76,29,19,19
3868.00,78,28,18,18
3868.00,78,28,18,18
3869.00,79,28,18,18
3869.00,79,28,18,18
3870.00,77,28,15,15
3870.00,77,28,15,15
3871.00,77,28,15,15
3871.00,77,28,15,15
3872.00,78,28,14,14
3872.00,78,28,14,14
3873.00,82,33,14,14
3873.00,82,33,14,14
3874.00,86,36,15,15
3874.00,86,36,15,15
3875.00,85,35,15,15
3875.00,85,35,15,15
3876.00,81,31,12,12
3876.00,81,31,12,12
3877.00,81,29,10,10
3877.00,81,29,10,10
3878.00,85,29,11,11
3878.00,85,29,11,11
3879.00,93,31,13,13
3879.00,93,31,13,13
3880.00,94,32,14,14
3880.00,94,32,14,14
3881.00,95,33,11,11
3881.00,95,33,11,11
3882.00,94,34,11,11
3882.00,94,34,11,11
3883.00,94,38,10,10
3883.00,94,38,10,10
3884.00,93,39,10,10
3884.00,93,39,10,10
3885.00,96,42,11,11
3885.00,96,42,11,11
3886.00,95,41,11,11
3886.00,95,41,11,11
3887.00,96,43,13,13
3887.00,96,43,13,13
3888.00,97,44,16,16
3888.00,97,44,16,16
3889.00,98,44,16,16
3889.00,98,44,16,16
3890.00,101,48,17,17
3890.00,101,48,17,17
3891.00,104,46,17,17
3891.00,104,46,17,17
3892.00,104,45,16,16
3892.00,104,45,16,16
3893.00,105,48,17,17
3893.00,105,48,17,17
3894.00,97,43,13,13
3894.00,97,43,13,13
3895.00,100,42,16,16
3895.00,100,42,16,16
3896.00,98,39,18,18
3896.00,98,39,18,18
3897.00,100,40,20,20
3897.00,100,40,20,20
3898.00,101,39,20,20
3898.00,101,39,20,20
3899.00,104,39,23,23
3899.00,104,39,23,23
3900.00,98,36,22,22
3900.00,98,36,22,22
3901.00,97,37,24,24
3901.00,97,37,24,24
3902.00,101,36,25,25
3902.00,101,36,25,25
3903.00,94,36,27,27
3903.00,94,36,27,27
3904.00,93,34,26,26
3904.00,93,34,26,26
3905.00,95,35,25,25
3905.00,95,35,25,25
3906.00,92,35,24,24
3906.00,92,35,24,24
3907.00,95,35,24,24
3907.00,95,35,24,24
3908.00,94,32,22,22
3908.00,94,32,22,22
3909.00,91,26,19,19
3909.00,91,26,19,19
3910.00,92,27,19,19
3910.00,92,27,19,19
3911.00,89,26,19,19
3911.00,89,26,19,19
3912.00,91,24,18,18
3912.00,91,24,18,18
3913.00,91,22,15,15
3913.00,91,22,15,15
3914.00,95,21,15,15
3914.00,95,21,15,15
3915.00,94,21,15,15
3915.00,94,21,15,15
3916.00,94,21,12,12
3916.00,94,21,12,12
3917.00,96,21,12,12
3917.00,96,21,12,12
3918.00,97,20,11,11
3918.00,97,20,11,11
3919.00,95,21,13,13
3919.00,95,21,13,13
3920.00,97,22,12,12
3920.00,97,22,12,12
3921.00,101,24,12,12
3921.00,101,24,12,12
3922.00,95,22,10,10
3922.00,95,22,10,10
3923.00,99,28,9,9
3923.00,99,28,9,9
3924.00,96,27,7,7
3924.00,96,27,7,7
3925.00,94,25,4,4
3925.00,94,25,4,4
3926.00,94,27,4,4
3926.00,94,27,4,4
3927.00,94,27,8,8
3927.00,94,27,8,8
3928.00,92,25,8,8
3928.00,92,25,8,8
3929.00,92,26,9,9
3929.00,92,26,9,9
3930.00,97,26,9,9
3930.00,97,26,9,9
3931.00,95,29,9,9
3931.00,95,29,9,9
3932.00,90,28,8,8
3932.00,90,28,8,8
3933.00,90,27,8,8
3933.00,90,27,8,8
3934.00,90,27,6,6
3934.00,90,27,6,6
3935.00,92,27,7,7
3935.00,92,27,7,7
3936.00,94,27,6,6
3936.00,94,27,6,6
3937.00,95,28,7,7
3937.00,95,28,7,7
3938.00,95,28,7,7
3938.00,95,28,7,7
3939.00,98,30,8,8
3939.00,98,30,8,8
3940.00,96,30,8,8
3940.00,96,30,8,8
3941.00,95,32,8,8
3941.00,95,32,8,8
3942.00,92,29,9,9
3942.00,92,29,9,9
3943.00,93,28,9,9
3943.00,93,28,9,9
3944.00,90,27,12,12
3944.00,90,27,12,12
3945.00,90,26,14,14
3945.00,90,26,14,14
3946.00,87,26,14,14
3946.00,87,26,14,14
3947.00,89,27,15,15
3947.00,89,27,15,15
3948.00,88,27,15,15
3948.00,88,27,15,15
3949.00,88,28,16,16
3949.00,88,28,16,16
3950.00,87,28,17,17
3950.00,87,28,17,17
3951.00,87,26,17,17
3951.00,87,26,17,17
3952.00,87,25,16,16
3952.00,87,25,16,16
3953.00,89,26,18,18
3953.00,89,26,18,18
3954.00,88,27,19,19
3954.00,88,27,19,19
3955.00,87,24,18,18
3955.00,87,24,18,18
3956.00,86,24,16,16
3956.00,86,24,16,16
3957.00,86,24,15,15
3957.00,86,24,15,15
3958.00,88,24,14,14
3958.00,88,24,14,14
3959.00,87,25,14,14
3959.00,87,25,14,14
3960.00,85,24,11,11
3960.00,85,24,11,11
3961.00,88,23,9,9
3961.00,88,23,9,9
3962.00,88,24,10,10
3962.00,88,24,10,10
3963.00,84,24,12,12
3963.00,84,24,12,12
3964.00,88,26,12,12
3964.00,88,26,12,12
3965.00,89,29,12,12
3965.00,89,29,12,12
3966.00,88,32,11,11
3966.00,88,32,11,11
3967.00,92,33,11,11
3967.00,92,33,11,11
3968.00,94,31,8,8
3968.00,94,31,8,8
3969.00,91,29,8,8
3969.00,91,29,8,8
3970.00,90,30,8,8
3970.00,90,30,8,8
3971.00,92,32,11,11
3971.00,92,32,11,11
3972.00,96,35,13,13
3972.00,96,35,13,13
3973.00,97,37,12,12
3973.00,97,37,12,12
3974.00,99,37,13,13
3974.00,99,37,13,13
3975.00,98,35,13,13
3975.00,98,35,13,13
3976.00,101,35,14,14
3976.00,101,35,14,14
3977.00,101,39,15,15
3977.00,101,39,15,15
3978.00,107,42,17,17
3978.00,107,42,17,17
3979.00,111,47,19,19
3979.00,111,47,19,19
3980.00,108,45,20,20
3980.00,108,45,20,20
3981.00,100,41,20,20
3981.00,100,41,20,20
3982.00,98,41,19,19
3982.00,98,41,19,19
3983.00,101,41,20,20
3983.00,101,41,20,20
3984.00,98,40,19,19
3984.00,98,40,19,19
3985.00,96,38,18,18
3985.00,96,38,18,18
3986.00,95,37,17,17
3986.00,95,37,17,17
3987.00,97,38,19,19
3987.00,97,38,19,19
3988.00,95,39,19,19
3988.00,95,39,19,19
3989.00,96,38,19,19
3989.00,96,38,19,19
3990.00,103,41,19,19
3990.00,103,41,19,19
3991.00,103,39,18,18
3991.00,103,39,18,18
3992.00,101,36,20,20
3992.00,101,36,20,20
3993.00,101,34,19,19
3993.00,101,34,19,19
3994.00,99,32,17,17
3994.00,99,32,17,17
3995.00,98,32,16,16
3995.00,98,32,16,16
3996.00,98,32,15,15
3996.00,98,32,15,15
3997.00,98,29,16,16
3997.00,98,29,16,16
3998.00,96,28,17,17
3998.00,96,28,17,17
3999.00,96,27,16,16
3999.00,96,27,16,16
4000.00,96,26,16,16
4000.00,96,26,16,16
4001.00,96,25,14,14
4001.00,96,25,14,14
4002.00,95,24,14,14
4002.00,95,24,14,14
4003.00,98,24,14,14
4003.00,98,24,14,14
4004.00,96,24,15,15
4004.00,96,24,15,15
4005.00,97,25,14,14
4005.00,97,25,14,14
4006.00,103,26,14,14
4006.00,103,26,14,14
4007.00,99,26,15,15
4007.00,99,26,15,15
4008.00,92,24,13,13
4008.00,92,24,13,13
4009.00,97,24,13,13
4009.00,97,24,13,13
4010.00,100,25,14,14
4010.00,100,25,14,14
4011.00,98,24,12,12
4011.00,98,24,12,12
4012.00,100,24,13,13
4012.00,100,24,13,13
4013.00,102,24,13,13
4013.00,102,24,13,13
4014.00,102,25,13,13
4014.00,102,25,13,13
4015.00,105,25,14,14
4015.00,105,25,14,14
4016.00,106,26,14,14
4016.00,106,26,14,14
4017.00,106,28,14,14
4017.00,106,28,14,14
4018.00,115,31,16,16
4018.00,115,31,16,16
4019.00,117,31,16,16
4019.00,117,31,16,16
4020.00,120,32,15,15
4020.00,120,32,15,15
4021.00,124,35,15,15
4021.00,124,35,15,15
4022.00,126,34,14,14
4022.00,126,34,14,14
4023.00,120,33,12,12
4023.00,120,33,12,12
4024.00,123,33,12,12
4024.00,123,33,12,12
4025.00,124,33,11,11
4025.00,124,33,11,11
4026.00,123,33,10,10
4026.00,123,33,10,10
4027.00,122,31,9,9
4027.00,122,31,9,9
4028.00,123,31,10,10
4028.00,123,31,10,10
4029.00,120,28,10,10
4029.00,120,28,10,10
4030.00,121,28,11,11
4030.00,121,28,11,11
4031.00,125,30,13,13
4031.00,125,30,13,13
4032.00,123,31,15,15
4032.00,123,31,15,15
4033.00,123,31,14,14
4033.00,123,31,14,14
4034.00,118,31,16,16
4034.00,118,31,16,16
4035.00,118,33,16,16
4035.00,118,33,16,16
4036.00,118,33,17,17
4036.00,118,33,17,17
4037.00,114,32,17,17
4037.00,114,32,17,17
4038.00,111,32,15,15
4038.00,111,32,15,15
4039.00,109,32,15,15
4039.00,109,32,15,15
4040.00,108,30,15,15
4040.00,108,30,15,15
4041.00,108,31,15,15
4041.00,108,31,15,15
4042.00,104,33,13,13
4042.00,104,33,13,13
4043.00,103,34,14,14
4043.00,103,34,14,14
4044.00,108,36,14,14
4044.00,108,36,14,14
4045.00,110,40,15,15
4045.00,110,40,15,15
4046.00,110,41,16,16
4046.00,110,41,16,16
4047.00,104,41,18,18
4047.00,104,41,18,18
4048.00,104,42,20,20
4048.00,104,42,20,20
4049.00,104,39,18,18
4049.00,104,39,18,18
4050.00,102,37,17,17
4050.00,102,37,17,17
4051.00,99,39,21,21
4051.00,99,39,21,21
4052.00,102,38,20,20
4052.00,102,38,20,20
4053.00,96,40,20,20
4053.00,96,40,20,20
4054.00,97,41,21,21
4054.00,97,41,21,21
4055.00,96,41,22,22
4055.00,96,41,22,22
4056.00,94,42,23,23
4056.00,94,42,23,23
4057.00,95,44,24,24
4057.00,95,44,24,24
4058.00,94,41,27,27
4058.00,94,41,27,27
4059.00,92,37,27,27
4059.00,92,37,27,27
4060.00,95,37,25,25
4060.00,95,37,25,25
4061.00,94,38,25,25
4061.00,94,38,25,25
4062.00,93,35,23,23
4062.00,93,35,23,23
4063.00,90,33,23,23
4063.00,90,33,23,23
4064.00,86,31,23,23
4064.00,86,31,23,23
4065.00,83,31,22,22
4065.00,83,31,22,22
4066.00,83,28,20,20
4066.00,83,28,20,20
4067.00,84,30,20,20
4067.00,84,30,20,20
4068.00,86,33,20,20
4068.00,86,33,20,20
4069.00,87,31,19,19
4069.00,87,31,19,19
4070.00,88,32,17,17
4070.00,88,32,17,17
4071.00,91,31,16,16
4071.00,91,31,16,16
4072.00,92,31,16,16
4072.00,92,31,16,16
4073.00,88,28,16,16
4073.00,88,28,16,16
4074.00,88,29,19,19
4074.00,88,29,19,19
4075.00,86,29,20,20
4075.00,86,29,20,20
4076.00,83,27,19,19
4076.00,83,27,19,19
4077.00,83,28,19,19
4077.00,83,28,19,19
4078.00,81,24,17,17
4078.00,81,24,17,17
4079.00,82,24,17,17
4079.00,82,24,17,17
4080.00,84,26,18,18
4080.00,84,26,18,18
4081.00,85,24,19,19
4081.00,85,24,19,19
4082.00,82,23,20,20
4082.00,82,23,20,20
4083.00,87,27,21,21
4083.00,87,27,21,21
4084.00,87,27,21,21
4084.00,87,27,21,21
4085.00,87,29,21,21
4085.00,87,29,21,21
4086.00,89,32,20,20
4086.00,89,32,20,20
4087.00,95,30,18,18
4087.00,95,30,18,18
4088.00,92,32,19,19
4088.00,92,32,19,19
4089.00,93,34,18,18
4089.00,93,34,18,18
4090.00,91,34,19,19
4090.00,91,34,19,19
4091.00,91,35,19,19
4091.00,91,35,19,19
4092.00,89,30,20,20
4092.00,89,30,20,20
4093.00,92,31,20,20
4093.00,92,31,20,20
4094.00,90,29,20,20
4094.00,90,29,20,20
4095.00,90,29,20,20
4095.00,90,29,20,20
4096.00,91,30,19,19
4096.00,91,30,19,19
4097.00,89,31,21,21
4097.00,89,31,21,21
4098.00,87,32,22,22
4098.00,87,32,22,22
4099.00,86,31,21,21
4099.00,86,31,21,21
4100.00,84,29,20,20
4100.00,84,29,20,20
4101.00,90,31,22,22
4101.00,90,31,22,22
4102.00,92,32,22,22
4102.00,92,32,22,22
4103.00,90,32,21,21
4103.00,90,32,21,21
4104.00,92,35,18,18
4104.00,92,35,18,18
4105.00,94,34,17,17
4105.00,94,34,17,17
4106.00,98,36,18,18
4106.00,98,36,18,18
4107.00,96,37,19,19
4107.00,96,37,19,19
4108.00,88,36,18,18
4108.00,88,36,18,18
4109.00,91,34,18,18
4109.00,91,34,18,18
4110.00,87,33,16,16
4110.00,87,33,16,16
4111.00,90,34,16,16
4111.00,90,34,16,16
4112.00,91,32,15,15
4112.00,91,32,15,15
4113.00,92,28,18,18
4113.00,92,28,18,18
4114.00,95,30,17,17
4114.00,95,30,17,17
4115.00,97,31,17,17
4115.00,97,31,17,17
4116.00,96,31,18,18
4116.00,96,31,18,18
4117.00,96,32,20,20
4117.00,96,32,20,20
4118.00,95,35,20,20
4118.00,95,35,20,20
4119.00,95,33,20,20
4119.00,95,33,20,20
4120.00,94,30,19,19
4120.00,94,30,19,19
4121.00,86,26,17,17
4121.00,86,26,17,17
4122.00,87,25,16,16
4122.00,87,25,16,16
4123.00,91,26,16,16
4123.00,91,26,16,16
4124.00,91,26,15,15
4124.00,91,26,15,15
4125.00,84,22,13,13
4125.00,84,22,13,13
4126.00,89,24,13,13
4126.00,89,24,13,13
4127.00,87,24,13,13
4127.00,87,24,13,13
4128.00,92,24,13,13
4128.00,92,24,13,13
4129.00,95,26,15,15
4129.00,95,26,15,15
4130.00,92,25,13,13
4130.00,92,25,13,13
4131.00,93,26,13,13
4131.00,93,26,13,13
4132.00,95,24,11,11
4132.00,95,24,11,11
4133.00,99,25,11,11
4133.00,99,25,11,11
4134.00,103,29,13,13
4134.00,103,29,13,13
4135.00,105,32,13,13
4135.00,105,32,13,13
4136.00,101,31,11,11
4136.00,101,31,11,11
4137.00,102,29,13,13
4137.00,102,29,13,13
4138.00,98,29,11,11
4138.00,98,29,11,11
4139.00,91,29,11,11
4139.00,91,29,11,11
4140.00,95,31,13,13
4140.00,95,31,13,13
4141.00,96,31,13,13
4141.00,96,31,13,13
4142.00,98,33,13,13
4142.00,98,33,13,13
4143.00,99,35,15,15
4143.00,99,35,15,15
4144.00,99,35,17,17
4144.00,99,35,17,17
4145.00,101,35,18,18
4145.00,101,35,18,18
4146.00,106,35,19,19
4146.00,106,35,19,19
4147.00,107,37,20,20
4147.00,107,37,20,20
4148.00,105,37,22,22
4148.00,105,37,22,22
4149.00,104,36,22,22
4149.00,104,36,22,22
4150.00,104,38,22,22
4150.00,104,38,22,22
4151.00,100,36,20,20
4151.00,100,36,20,20
4152.00,100,35,20,20
4152.00,100,35,20,20
4153.00,100,34,18,18
4153.00,100,34,18,18
4154.00,100,32,16,16
4154.00,100,32,16,16
4155.00,96,32,15,15
4155.00,96,32,15,15
4156.00,98,34,15,15
4156.00,98,34,15,15
4157.00,99,36,16,16
4157.00,99,36,16,16
4158.00,101,37,17,17
4158.00,101,37,17,17
4159.00,96,36,16,16
4159.00,96,36,16,16
4160.00,98,33,13,13
4160.00,98,33,13,13
4161.00,98,34,15,15
4161.00,98,34,15,15
4162.00,102,36,16,16
4162.00,102,36,16,16
4163.00,101,36,13,13
4163.00,101,36,13,13
4164.00,98,34,13,13
4164.00,98,34,13,13
4165.00,100,33,13,13
4165.00,100,33,13,13
4166.00,103,33,13,13
4166.00,103,33,13,13
4167.00,97,30,13,13
4167.00,97,30,13,13
4168.00,92,29,15,15
4168.00,92,29,15,15
4169.00,90,31,15,15
4169.00,90,31,15,15
4170.00,91,33,18,18
4170.00,91,33,18,18
4171.00,92,35,19,19
4171.00,92,35,19,19
4172.00,94,36,17,17
4172.00,94,36,17,17
4173.00,96,34,19,19
4173.00,96,34,19,19
4174.00,92,33,21,21
4174.00,92,33,21,21
4175.00,90,34,21,21
4175.00,90,34,21,21
4176.00,89,31,19,19
4176.00,89,31,19,19
4177.00,84,28,16,16
4177.00,84,28,16,16
4178.00,87,29,16,16
4178.00,87,29,16,16
4179.00,90,27,17,17
4179.00,90,27,17,17
4180.00,91,25,15,15
4180.00,91,25,15,15
4181.00,94,27,14,14
4181.00,94,27,14,14
4182.00,94,29,14,14
4182.00,94,29,14,14
4183.00,93,28,14,14
4183.00,93,28,14,14
4184.00,98,31,15,15
4184.00,98,31,15,15
4185.00,98,32,15,15
4185.00,98,32,15,15
4186.00,102,33,14,14
4186.00,102,33,14,14
4187.00,101,35,15,15
4187.00,101,35,15,15
4188.00,98,33,14,14
4188.00,98,33,14,14
4189.00,93,32,14,14
4189.00,93,32,14,14
4190.00,95,35,15,15
4190.00,95,35,15,15
4191.00,94,35,15,15
4191.00,94,35,15,15
4192.00,94,38,18,18
4192.00,94,38,18,18
4193.00,92,36,18,18
4193.00,92,36,18,18
4194.00,96,35,16,16
4194.00,96,35,16,16
4195.00,96,37,16,16
4195.00,96,37,16,16
4196.00,94,37,16,16
4196.00,94,37,16,16
4197.00,95,38,19,19
4197.00,95,38,19,19
4198.00,92,38,22,22
4198.00,92,38,22,22
4199.00,95,38,22,22
4199.00,95,38,22,22
4200.00,93,40,24,24
4200.00,93,40,24,24
4201.00,95,39,25,25
4201.00,95,39,25,25
4202.00,93,38,25,25
4202.00,93,38,25,25
4203.00,91,37,22,22
4203.00,91,37,22,22
4204.00,91,39,22,22
4204.00,91,39,22,22
4205.00,84,36,21,21
4205.00,84,36,21,21
4206.00,86,35,22,22
4206.00,86,35,22,22
4207.00,89,35,23,23
4207.00,89,35,23,23
4208.00,90,37,22,22
4208.00,90,37,22,22
4209.00,91,36,23,23
4209.00,91,36,23,23
4210.00,90,35,22,22
4210.00,90,35,22,22
4211.00,85,35,19,19
4211.00,85,35,19,19
4212.00,80,31,15,15
4212.00,80,31,15,15
4213.00,80,31,17,17
4213.00,80,31,17,17
4214.00,78,28,16,16
4214.00,78,28,16,16
4215.00,80,28,15,15
4215.00,80,28,15,15
4216.00,79,26,13,13
4216.00,79,26,13,13
4217.00,82,28,14,14
4217.00,82,28,14,14
4218.00,80,26,13,13
4218.00,80,26,13,13
4219.00,78,27,13,13
4219.00,78,27,13,13
4220.00,79,28,12,12
4220.00,79,28,12,12
4221.00,80,27,11,11
4221.00,80,27,11,11
4222.00,80,28,15,15
4222.00,80,28,15,15
4223.00,80,32,15,15
4223.00,80,32,15,15
4224.00,78,32,15,15
4224.00,78,32,15,15
4225.00,77,33,17,17
4225.00,77,33,17,17
4226.00,78,33,16,16
4226.00,78,33,16,16
4227.00,81,37,17,17
4227.00,81,37,17,17
4228.00,82,38,17,17
4228.00,82,38,17,17
4229.00,85,38,17,17
4229.00,85,38,17,17
4230.00,84,38,16,16
4230.00,84,38,16,16
4231.00,86,37,18,18
4231.00,86,37,18,18
4232.00,93,38,20,20
4232.00,93,38,20,20
4233.00,91,39,21,21
4233.00,91,39,21,21
4234.00,89,37,24,24
4234.00,89,37,24,24
4235.00,85,38,24,24
4235.00,85,38,24,24
4236.00,87,38,24,24
4236.00,87,38,24,24
4237.00,85,37,25,25
4237.00,85,37,25,25
4238.00,80,32,22,22
4238.00,80,32,22,22
4239.00,84,32,21,21
4239.00,84,32,21,21
4240.00,88,34,22,22
4240.00,88,34,22,22
4241.00,89,37,23,23
4241.00,89,37,23,23
4242.00,96,39,22,22
4242.00,96,39,22,22
4243.00,97,38,21,21
4243.00,97,38,21,21
4244.00,96,39,20,20
4244.00,96,39,20,20
4245.00,96,38,20,20
4245.00,96,38,20,20
4246.00,92,36,19,19
4246.00,92,36,19,19
4247.00,89,33,18,18
4247.00,89,33,18,18
4248.00,89,33,18,18
4248.00,89,33,18,18
4249.00,91,35,17,17
4249.00,91,35,17,17
4250.00,90,35,18,18
4250.00,90,35,18,18
4251.00,91,34,18,18
4251.00,91,34,18,18
4252.00,91,36,18,18
4252.00,91,36,18,18
4253.00,92,33,17,17
4253.00,92,33,17,17
4254.00,89,33,20,20
4254.00,89,33,20,20
4255.00,87,31,19,19
4255.00,87,31,19,19
4256.00,86,31,23,23
4256.00,86,31,23,23
4257.00,88,31,24,24
4257.00,88,31,24,24
4258.00,90,30,22,22
4258.00,90,30,22,22
4259.00,91,33,24,24
4259.00,91,33,24,24
4260.00,95,36,24,24
4260.00,95,36,24,24
4261.00,94,37,23,23
4261.00,94,37,23,23
4262.00,101,39,23,23
4262.00,101,39,23,23
4263.00,100,40,22,22
4263.00,100,40,22,22
4264.00,99,38,21,21
4264.00,99,38,21,21
4265.00,99,37,20,20
4265.00,99,37,20,20
4266.00,98,37,18,18
4266.00,98,37,18,18
4267.00,94,35,15,15
4267.00,94,35,15,15
4268.00,96,37,14,14
4268.00,96,37,14,14
4269.00,95,37,14,14
4269.00,95,37,14,14
4270.00,97,37,15,15
4270.00,97,37,15,15
4271.00,94,34,15,15
4271.00,94,34,15,15
4272.00,94,35,19,19
4272.00,94,35,19,19
4273.00,93,35,19,19
4273.00,93,35,19,19
4274.00,92,36,21,21
4274.00,92,36,21,21
4275.00,93,38,21,21
4275.00,93,38,21,21
4276.00,93,40,24,24
4276.00,93,40,24,24
4277.00,93,40,26,26
4277.00,93,40,26,26
4278.00,96,38,24,24
4278.00,96,38,24,24
4279.00,94,38,23,23
4279.00,94,38,23,23
4280.00,97,39,24,24
4280.00,97,39,24,24
4281.00,103,39,25,25
4281.00,103,39,25,25
4282.00,102,42,27,27
4282.00,102,42,27,27
4283.00,98,43,25,25
4283.00,98,43,25,25
4284.00,95,38,24,24
4284.00,95,38,24,24
4285.00,97,39,23,23
4285.00,97,39,23,23
4286.00,97,39,24,24
4286.00,97,39,24,24
4287.00,94,38,21,21
4287.00,94,38,21,21
4288.00,92,36,20,20
4288.00,92,36,20,20
4289.00,88,34,20,20
4289.00,88,34,20,20
4290.00,86,31,18,18
4290.00,86,31,18,18
4291.00,84,29,17,17
4291.00,84,29,17,17
4292.00,81,27,17,17
4292.00,81,27,17,17
4293.00,86,30,16,16
4293.00,86,30,16,16
4294.00,92,34,19,19
4294.00,92,34,19,19
4295.00,88,31,18,18
4295.00,88,31,18,18
4296.00,87,32,15,15
4296.00,87,32,15,15
4297.00,88,34,17,17
4297.00,88,34,17,17
4298.00,88,34,16,16
4298.00,88,34,16,16
4299.00,91,36,17,17
4299.00,91,36,17,17
4300.00,91,35,18,18
4300.00,91,35,18,18
4301.00,88,35,17,17
4301.00,88,35,17,17
4302.00,92,38,15,15
4302.00,92,38,15,15
4303.00,96,40,16,16
4303.00,96,40,16,16
4304.00,97,40,16,16
4304.00,97,40,16,16
4305.00,99,42,17,17
4305.00,99,42,17,17
4306.00,95,42,16,16
4306.00,95,42,16,16
4307.00,96,44,17,17
4307.00,96,44,17,17
4308.00,96,43,18,18
4308.00,96,43,18,18
4309.00,97,43,18,18
4309.00,97,43,18,18
4310.00,96,43,21,21
4310.00,96,43,21,21
4311.00,96,42,22,22
4311.00,96,42,22,22
4312.00,102,43,23,23
4312.00,102,43,23,23
4313.00,103,43,25,25
4313.00,103,43,25,25
4314.00,103,42,25,25
4314.00,103,42,25,25
4315.00,103,42,23,23
4315.00,103,42,23,23
4316.00,103,43,22,22
4316.00,103,43,22,22
4317.00,105,41,21,21
4317.00,105,41,21,21
4318.00,105,41,22,22
4318.00,105,41,22,22
4319.00,99,39,22,22
4319.00,99,39,22,22
4320.00,96,40,22,22
4320.00,96,40,22,22
4321.00,94,38,20,20
4321.00,94,38,20,20
4322.00,92,40,20,20
4322.00,92,40,20,20
4323.00,91,39,19,19
4323.00,91,39,19,19
4324.00,88,38,18,18
4324.00,88,38,18,18
4325.00,88,38,18,18
4325.00,88,38,18,18
4326.00,86,38,18,18
4326.00,86,38,18,18
4327.00,91,39,19,19
4327.00,91,39,19,19
4328.00,90,39,20,20
4328.00,90,39,20,20
4329.00,88,38,20,20
4329.00,88,38,20,20
4330.00,90,37,23,23
4330.00,90,37,23,23
4331.00,89,34,24,24
4331.00,89,34,24,24
4332.00,88,32,24,24
4332.00,88,32,24,24
4333.00,84,30,22,22
4333.00,84,30,22,22
4334.00,86,33,22,22
4334.00,86,33,22,22
4335.00,80,29,22,22
4335.00,80,29,22,22
4336.00,80,25,19,19
4336.00,80,25,19,19
4337.00,81,26,18,18
4337.00,81,26,18,18
4338.00,79,26,19,19
4338.00,79,26,19,19
4339.00,82,27,18,18
4339.00,82,27,18,18
4340.00,79,24,16,16
4340.00,79,24,16,16
4341.00,79,23,15,15
4341.00,79,23,15,15
4342.00,76,24,14,14
4342.00,76,24,14,14
4343.00,75,25,13,13
4343.00,75,25,13,13
4344.00,80,24,12,12
4344.00,80,24,12,12
4345.00,86,28,13,13
4345.00,86,28,13,13
4346.00,89,28,13,13
4346.00,89,28,13,13
4347.00,85,25,12,12
4347.00,85,25,12,12
4348.00,85,27,13,13
4348.00,85,27,13,13
4349.00,87,29,13,13
4349.00,87,29,13,13
4350.00,87,27,15,15
4350.00,87,27,15,15
4351.00,92,27,14,14
4351.00,92,27,14,14
4352.00,96,26,14,14
4352.00,96,26,14,14
4353.00,97,28,16,16
4353.00,97,28,16,16
4354.00,97,30,16,16
4354.00,97,30,16,16
4355.00,96,28,14,14
4355.00,96,28,14,14
4356.00,97,28,14,14
4356.00,97,28,14,14
4357.00,98,27,13,13
4357.00,98,27,13,13
4358.00,99,28,14,14
4358.00,99,28,14,14
4359.00,104,33,16,16
4359.00,104,33,16,16
4360.00,103,33,16,16
4360.00,103,33,16,16
4361.00,103,31,14,14
4361.00,103,31,14,14
4362.00,101,28,14,14
4362.00,101,28,14,14
4363.00,98,28,17,17
4363.00,98,28,17,17
4364.00,98,28,17,17
4364.00,98,28,17,17
4365.00,102,31,18,18
4365.00,102,31,18,18
4366.00,99,33,18,18
4366.00,99,33,18,18
4367.00,101,33,19,19
4367.00,101,33,19,19
4368.00,101,36,19,19
4368.00,101,36,19,19
4369.00,101,38,20,20
4369.00,101,38,20,20
4370.00,101,39,22,22
4370.00,101,39,22,22
4371.00,102,40,24,24
4371.00,102,40,24,24
4372.00,101,38,24,24
4372.00,101,38,24,24
4373.00,105,39,24,24
4373.00,105,39,24,24
4374.00,109,38,24,24
4374.00,109,38,24,24
4375.00,114,38,23,23
4375.00,114,38,23,23
4376.00,116,38,21,21
4376.00,116,38,21,21
4377.00,119,43,23,23
4377.00,119,43,23,23
4378.00,116,42,24,24
4378.00,116,42,24,24
4379.00,115,44,25,25
4379.00,115,44,25,25
4380.00,113,42,24,24
4380.00,113,42,24,24
4381.00,107,43,23,23
4381.00,107,43,23,23
4382.00,106,44,25,25
4382.00,106,44,25,25
4383.00,106,43,24,24
4383.00,106,43,24,24
4384.00,112,47,24,24
4384.00,112,47,24,24
4385.00,114,46,24,24
4385.00,114,46,24,24
4386.00,116,48,25,25
4386.00,116,48,25,25
4387.00,116,49,26,26
4387.00,116,49,26,26
4388.00,114,49,29,29
4388.00,114,49,29,29
4389.00,116,50,34,34
4389.00,116,50,34,34
4390.00,115,49,33,33
4390.00,115,49,33,33
4391.00,115,52,35,35
4391.00,115,52,35,35
4392.00,111,46,34,34
4392.00,111,46,34,34
4393.00,108,44,32,32
4393.00,108,44,32,32
4394.00,103,41,28,28
4394.00,103,41,28,28
4395.00,102,37,25,25
4395.00,102,37,25,25
4396.00,99,37,24,24
4396.00,99,37,24,24
4397.00,97,35,23,23
4397.00,97,35,23,23
4398.00,99,35,26,26
4398.00,99,35,26,26
4399.00,98,40,27,27
4399.00,98,40,27,27
4400.00,101,40,26,26
4400.00,101,40,26,26
4401.00,101,40,27,27
4401.00,101,40,27,27
4402.00,98,39,25,25
4402.00,98,39,25,25
4403.00,98,39,25,25
4403.00,98,39,25,25
4404.00,97,38,29,29
4404.00,97,38,29,29
4405.00,97,38,30,30
4405.00,97,38,30,30
4406.00,98,40,31,31
4406.00,98,40,31,31
4407.00,100,39,32,32
4407.00,100,39,32,32
4408.00,99,43,33,33
4408.00,99,43,33,33
4409.00,96,37,29,29
4409.00,96,37,29,29
4410.00,95,35,26,26
4410.00,95,35,26,26
4411.00,96,35,27,27
4411.00,96,35,27,27
4412.00,94,34,27,27
4412.00,94,34,27,27
4413.00,95,35,26,26
4413.00,95,35,26,26
4414.00,96,33,24,24
4414.00,96,33,24,24
4415.00,96,33,24,24
4415.00,96,33,24,24
4416.00,97,32,23,23
4416.00,97,32,23,23
4417.00,99,32,23,23
4417.00,99,32,23,23
4418.00,98,30,23,23
4418.00,98,30,23,23
4419.00,97,30,22,22
4419.00,97,30,22,22
4420.00,101,29,22,22
4420.00,101,29,22,22
4421.00,99,30,21,21
4421.00,99,30,21,21
4422.00,94,30,18,18
4422.00,94,30,18,18
4423.00,98,29,19,19
4423.00,98,29,19,19
4424.00,103,29,19,19
4424.00,103,29,19,19
4425.00,99,31,19,19
4425.00,99,31,19,19
4426.00,96,31,19,19
4426.00,96,31,19,19
4427.00,97,33,20,20
4427.00,97,33,20,20
4428.00,96,32,21,21
4428.00,96,32,21,21
4429.00,95,32,19,19
4429.00,95,32,19,19
4430.00,92,29,20,20
4430.00,92,29,20,20
4431.00,93,29,22,22
4431.00,93,29,22,22
4432.00,97,30,21,21
4432.00,97,30,21,21
4433.00,98,32,23,23
4433.00,98,32,23,23
4434.00,99,33,22,22
4434.00,99,33,22,22
4435.00,104,35,22,22
4435.00,104,35,22,22
4436.00,103,35,22,22
4436.00,103,35,22,22
4437.00,102,37,20,20
4437.00,102,37,20,20
4438.00,105,36,20,20
4438.00,105,36,20,20
4439.00,107,40,20,20
4439.00,107,40,20,20
4440.00,103,42,21,21
4440.00,103,42,21,21
4441.00,103,43,20,20
4441.00,103,43,20,20
4442.00,101,41,20,20
4442.00,101,41,20,20
4443.00,102,37,21,21
4443.00,102,37,21,21
4444.00,101,35,19,19
4444.00,101,35,19,19
4445.00,99,30,19,19
4445.00,99,30,19,19
4446.00,94,28,18,18
4446.00,94,28,18,18
4447.00,94,29,19,19
4447.00,94,29,19,19
4448.00,95,28,17,17
4448.00,95,28,17,17
4449.00,97,30,17,17
4449.00,97,30,17,17
4450.00,96,31,17,17
4450.00,96,31,17,17
4451.00,93,32,21,21
4451.00,93,32,21,21
4452.00,93,34,22,22
4452.00,93,34,22,22
4453.00,90,32,24,24
4453.00,90,32,24,24
4454.00,89,32,24,24
4454.00,89,32,24,24
4455.00,88,31,23,23
4455.00,88,31,23,23
4456.00,86,32,23,23
4456.00,86,32,23,23
4457.00,87,31,23,23
4457.00,87,31,23,23
4458.00,85,31,24,24
4458.00,85,31,24,24
4459.00,88,32,23,23
4459.00,88,32,23,23
4460.00,89,30,21,21
4460.00,89,30,21,21
4461.00,92,35,22,22
4461.00,92,35,22,22
4462.00,94,35,21,21
4462.00,94,35,21,21
4463.00,89,33,21,21
4463.00,89,33,21,21
4464.00,95,33,21,21
4464.00,95,33,21,21
4465.00,96,33,20,20
4465.00,96,33,20,20
4466.00,95,31,18,18
4466.00,95,31,18,18
4467.00,91,30,16,16
4467.00,91,30,16,16
4468.00,96,31,20,20
4468.00,96,31,20,20
4469.00,92,31,20,20
4469.00,92,31,20,20
4470.00,93,32,20,20
4470.00,93,32,20,20
4471.00,94,33,20,20
4471.00,94,33,20,20
4472.00,92,30,19,19
4472.00,92,30,19,19
4473.00,91,29,19,19
4473.00,91,29,19,19
4474.00,92,29,20,20
4474.00,92,29,20,20
4475.00,90,28,21,21
4475.00,90,28,21,21
4476.00,93,28,21,21
4476.00,93,28,21,21
4477.00,94,29,21,21
4477.00,94,29,21,21
4478.00,95,29,23,23
4478.00,95,29,23,23
4479.00,99,31,24,24
4479.00,99,31,24,24
4480.00,96,29,22,22
4480.00,96,29,22,22
4481.00,98,30,22,22
4481.00,98,30,22,22
4482.00,99,30,22,22
4482.00,99,30,22,22
4483.00,93,29,20,20
4483.00,93,29,20,20
4484.00,96,29,21,21
4484.00,96,29,21,21
4485.00,97,29,21,21
4485.00,97,29,21,21
4486.00,100,31,23,23
4486.00,100,31,23,23
4487.00,102,32,21,21
4487.00,102,32,21,21
4488.00,100,30,19,19
4488.00,100,30,19,19
4489.00,98,30,20,20
4489.00,98,30,20,20
4490.00,97,28,17,17
4490.00,97,28,17,17
4491.00,98,28,17,17
4491.00,98,28,17,17
4492.00,96,27,17,17
4492.00,96,27,17,17
4493.00,92,23,16,16
4493.00,92,23,16,16
4494.00,91,28,16,16
4494.00,91,28,16,16
4495.00,90,27,15,15
4495.00,90,27,15,15
4496.00,92,29,14,14
4496.00,92,29,14,14
4497.00,90,27,13,13
4497.00,90,27,13,13
4498.00,89,28,13,13
4498.00,89,28,13,13
4499.00,91,30,14,14
4499.00,91,30,14,14
4500.00,89,31,10,10
4500.00,89,31,10,10
4501.00,87,30,9,9
4501.00,87,30,9,9
4502.00,90,31,11,11
4502.00,90,31,11,11
4503.00,87,30,10,10
4503.00,87,30,10,10
4504.00,91,31,12,12
4504.00,91,31,12,12
4505.00,96,34,12,12
4505.00,96,34,12,12
4506.00,94,33,13,13
4506.00,94,33,13,13
4507.00,92,31,12,12
4507.00,92,31,12,12
4508.00,92,30,13,13
4508.00,92,30,13,13
4509.00,97,30,13,13
4509.00,97,30,13,13
4510.00,103,29,14,14
4510.00,103,29,14,14
4511.00,101,32,13,13
4511.00,101,32,13,13
4512.00,98,31,12,12
4512.00,98,31,12,12
4513.00,91,33,12,12
4513.00,91,33,12,12
4514.00,92,33,14,14
4514.00,92,33,14,14
4515.00,91,32,14,14
4515.00,91,32,14,14
4516.00,91,33,15,15
4516.00,91,33,15,15
4517.00,94,37,15,15
4517.00,94,37,15,15
4518.00,98,39,16,16
4518.00,98,39,16,16
4519.00,95,37,19,19
4519.00,95,37,19,19
4520.00,95,37,19,19
4520.00,95,37,19,19
4521.00,95,38,18,18
4521.00,95,38,18,18
4522.00,91,38,18,18
4522.00,91,38,18,18
4523.00,91,38,22,22
4523.00,91,38,22,22
4524.00,90,37,24,24
4524.00,90,37,24,24
4525.00,90,37,27,27
4525.00,90,37,27,27
4526.00,89,35,25,25
4526.00,89,35,25,25
4527.00,92,35,24,24
4527.00,92,35,24,24
4528.00,96,33,22,22
4528.00,96,33,22,22
4529.00,95,32,20,20
4529.00,95,32,20,20
4530.00,96,34,20,20
4530.00,96,34,20,20
4531.00,98,34,23,23
4531.00,98,34,23,23
4532.00,97,33,25,25
4532.00,97,33,25,25
4533.00,95,34,24,24
4533.00,95,34,24,24
4534.00,93,33,24,24
4534.00,93,33,24,24
4535.00,96,35,24,24
4535.00,96,35,24,24
4536.00,101,38,24,24
4536.00,101,38,24,24
4537.00,100,38,22,22
4537.00,100,38,22,22
4538.00,97,39,21,21
4538.00,97,39,21,21
4539.00,97,42,21,21
4539.00,97,42,21,21
4540.00,100,41,21,21
4540.00,100,41,21,21
4541.00,100,42,23,23
4541.00,100,42,23,23
4542.00,100,41,23,23
4542.00,100,41,23,23
4543.00,97,39,21,21
4543.00,97,39,21,21
4544.00,93,39,22,22
4544.00,93,39,22,22
4545.00,92,38,20,20
4545.00,92,38,20,20
4546.00,87,36,19,19
4546.00,87,36,19,19
4547.00,88,34,17,17
4547.00,88,34,17,17
4548.00,94,34,16,16
4548.00,94,34,16,16
4549.00,97,36,18,18
4549.00,97,36,18,18
4550.00,96,34,19,19
4550.00,96,34,19,19
4551.00,89,30,18,18
4551.00,89,30,18,18
4552.00,88,31,18,18
4552.00,88,31,18,18
4553.00,88,31,17,17
4553.00,88,31,17,17
4554.00,86,27,18,18
4554.00,86,27,18,18
4555.00,89,29,18,18
4555.00,89,29,18,18
4556.00,88,30,20,20
4556.00,88,30,20,20
4557.00,88,31,21,21
4557.00,88,31,21,21
4558.00,85,29,20,20
4558.00,85,29,20,20
4559.00,88,31,19,19
4559.00,88,31,19,19
4560.00,87,30,19,19
4560.00,87,30,19,19
4561.00,85,30,19,19
4561.00,85,30,19,19
4562.00,84,31,20,20
4562.00,84,31,20,20
4563.00,85,31,20,20
4563.00,85,31,20,20
4564.00,87,31,20,20
4564.00,87,31,20,20
4565.00,87,30,18,18
4565.00,87,30,18,18
4566.00,89,30,18,18
4566.00,89,30,18,18
4567.00,91,31,18,18
4567.00,91,31,18,18
4568.00,91,33,19,19
4568.00,91,33,19,19
4569.00,92,33,18,18
4569.00,92,33,18,18
4570.00,92,30,16,16
4570.00,92,30,16,16
4571.00,96,32,20,20
4571.00,96,32,20,20
4572.00,97,37,22,22
4572.00,97,37,22,22
4573.00,94,34,21,21
4573.00,94,34,21,21
4574.00,93,31,20,20
4574.00,93,31,20,20
4575.00,92,33,20,20
4575.00,92,33,20,20
4576.00,95,33,18,18
4576.00,95,33,18,18
4577.00,91,32,19,19
4577.00,91,32,19,19
4578.00,93,34,19,19
4578.00,93,34,19,19
4579.00,98,36,20,20
4579.00,98,36,20,20
4580.00,97,34,19,19
4580.00,97,34,19,19
4581.00,100,33,21,21
4581.00,100,33,21,21
4582.00,103,39,21,21
4582.00,103,39,21,21
4583.00,106,39,22,22
4583.00,106,39,22,22
4584.00,103,41,24,24
4584.00,103,41,24,24
4585.00,102,39,25,25
4585.00,102,39,25,25
4586.00,99,39,27,27
4586.00,99,39,27,27
4587.00,100,38,27,27
4587.00,100,38,27,27
4588.00,101,37,24,24
4588.00,101,37,24,24
4589.00,103,35,19,19
4589.00,103,35,19,19
4590.00,104,33,20,20
4590.00,104,33,20,20
4591.00,104,35,24,24
4591.00,104,35,24,24
4592.00,102,32,24,24
4592.00,102,32,24,24
4593.00,102,28,22,22
4593.00,102,28,22,22
4594.00,97,28,23,23
4594.00,97,28,23,23
4595.00,97,27,20,20
4595.00,97,27,20,20
4596.00,95,24,21,21
4596.00,95,24,21,21
4597.00,96,24,20,20
4597.00,96,24,20,20
4598.00,94,22,18,18
4598.00,94,22,18,18
4599.00,94,26,18,18
4599.00,94,26,18,18
4600.00,98,26,17,17
4600.00,98,26,17,17
4601.00,94,25,17,17
4601.00,94,25,17,17
4602.00,92,24,18,18
4602.00,92,24,18,18
4603.00,92,23,20,20
4603.00,92,23,20,20
4604.00,91,21,18,18
4604.00,91,21,18,18
4605.00,98,22,18,18
4605.00,98,22,18,18
4606.00,98,23,17,17
4606.00,98,23,17,17
4607.00,100,22,16,16
4607.00,100,22,16,16
4608.00,102,23,16,16
4608.00,102,23,16,16
4609.00,98,22,16,16
4609.00,98,22,16,16
4610.00,95,20,16,16
4610.00,95,20,16,16
4611.00,97,21,14,14
4611.00,97,21,14,14
4612.00,97,20,14,14
4612.00,97,20,14,14
4613.00,91,18,14,14
4613.00,91,18,14,14
4614.00,92,17,14,14
4614.00,92,17,14,14
4615.00,90,17,14,14
4615.00,90,17,14,14
4616.00,87,17,14,14
4616.00,87,17,14,14
4617.00,91,17,14,14
4617.00,91,17,14,14
4618.00,88,18,14,14
4618.00,88,18,14,14
4619.00,85,16,15,15
4619.00,85,16,15,15
4620.00,85,17,14,14
4620.00,85,17,14,14
4621.00,85,17,12,12
4621.00,85,17,12,12
4622.00,83,15,11,11
4622.00,83,15,11,11
4623.00,82,15,11,11
4623.00,82,15,11,11
4624.00,80,15,11,11
4624.00,80,15,11,11
4625.00,81,17,11,11
4625.00,81,17,11,11
4626.00,80,16,11,11
4626.00,80,16,11,11
4627.00,81,17,12,12
4627.00,81,17,12,12
4628.00,80,17,15,15
4628.00,80,17,15,15
4629.00,85,17,14,14
4629.00,85,17,14,14
4630.00,83,19,14,14
4630.00,83,19,14,14
4631.00,81,18,13,13
4631.00,81,18,13,13
4632.00,83,20,13,13
4632.00,83,20,13,13
4633.00,85,20,13,13
4633.00,85,20,13,13
4634.00,80,19,11,11
4634.00,80,19,11,11
4635.00,80,19,10,10
4635.00,80,19,10,10
4636.00,82,19,9,9
4636.00,82,19,9,9
4637.00,81,20,9,9
4637.00,81,20,9,9
4638.00,88,20,10,10
4638.00,88,20,10,10
4639.00,83,19,8,8
4639.00,83,19,8,8
4640.00,81,19,9,9
4640.00,81,19,9,9
4641.00,82,20,9,9
4641.00,82,20,9,9
4642.00,82,22,8,8
4642.00,82,22,8,8
4643.00,79,20,11,11
4643.00,79,20,11,11
4644.00,77,20,9,9
4644.00,77,20,9,9
4645.00,82,21,9,9
4645.00,82,21,9,9
4646.00,84,21,9,9
4646.00,84,21,9,9
4647.00,85,21,10,10
4647.00,85,21,10,10
4648.00,85,19,11,11
4648.00,85,19,11,11
4649.00,88,19,12,12
4649.00,88,19,12,12
4650.00,87,18,12,12
4650.00,87,18,12,12
4651.00,87,18,11,11
4651.00,87,18,11,11
4652.00,86,19,11,11
4652.00,86,19,11,11
4653.00,83,20,11,11
4653.00,83,20,11,11
4654.00,81,21,10,10
4654.00,81,21,10,10
4655.00,85,21,10,10
4655.00,85,21,10,10
4656.00,89,21,9,9
4656.00,89,21,9,9
4657.00,87,22,10,10
4657.00,87,22,10,10
4658.00,87,21,10,10
4658.00,87,21,10,10
4659.00,86,21,10,10
4659.00,86,21,10,10
4660.00,88,22,10,10
4660.00,88,22,10,10
4661.00,86,25,11,11
4661.00,86,25,11,11
4662.00,85,27,9,9
4662.00,85,27,9,9
4663.00,84,26,10,10
4663.00,84,26,10,10
4664.00,87,26,12,12
4664.00,87,26,12,12
4665.00,84,25,14,14
4665.00,84,25,14,14
4666.00,86,25,14,14
4666.00,86,25,14,14
4667.00,85,26,14,14
4667.00,85,26,14,14
4668.00,86,27,15,15
4668.00,86,27,15,15
4669.00,85,26,16,16
4669.00,85,26,16,16
4670.00,83,25,16,16
4670.00,83,25,16,16
4671.00,79,25,17,17
4671.00,79,25,17,17
4672.00,79,25,16,16
4672.00,79,25,16,16
4673.00,79,25,16,16
4673.00,79,25,16,16
4674.00,77,24,17,17
4674.00,77,24,17,17
4675.00,77,24,16,16
4675.00,77,24,16,16
4676.00,79,24,15,15
4676.00,79,24,15,15
4677.00,79,26,13,13
4677.00,79,26,13,13
4678.00,79,24,14,14
4678.00,79,24,14,14
4679.00,80,24,14,14
4679.00,80,24,14,14
4680.00,81,25,12,12
4680.00,81,25,12,12
4681.00,83,27,11,11
4681.00,83,27,11,11
4682.00,85,28,11,11
4682.00,85,28,11,11
4683.00,86,30,12,12
4683.00,86,30,12,12
4684.00,85,30,14,14
4684.00,85,30,14,14
4685.00,89,31,16,16
4685.00,89,31,16,16
4686.00,91,32,16,16
4686.00,91,32,16,16
4687.00,86,27,13,13
4687.00,86,27,13,13
4688.00,86,27,13,13
4688.00,86,27,13,13
4689.00,90,27,13,13
4689.00,90,27,13,13
4690.00,92,29,12,12
4690.00,92,29,12,12
4691.00,94,29,11,11
4691.00,94,29,11,11
4692.00,99,32,13,13
4692.00,99,32,13,13
4693.00,101,31,15,15
4693.00,101,31,15,15
4694.00,101,33,14,14
4694.00,101,33,14,14
4695.00,100,33,15,15
4695.00,100,33,15,15
4696.00,99,32,17,17
4696.00,99,32,17,17
4697.00,103,32,16,16
4697.00,103,32,16,16
4698.00,102,33,17,17
4698.00,102,33,17,17
4699.00,100,35,15,15
4699.00,100,35,15,15
4700.00,100,36,16,16
4700.00,100,36,16,16
4701.00,95,37,17,17
4701.00,95,37,17,17
4702.00,97,43,18,18
4702.00,97,43,18,18
4703.00,97,43,21,21
4703.00,97,43,21,21
4704.00,97,43,21,21
4704.00,97,43,21,21
4705.00,103,43,21,21
4705.00,103,43,21,21
4706.00,106,42,23,23
4706.00,106,42,23,23
4707.00,110,45,24,24
4707.00,110,45,24,24
4708.00,108,44,26,26
4708.00,108,44,26,26
4709.00,103,42,24,24
4709.00,103,42,24,24
4710.00,109,43,23,23
4710.00,109,43,23,23
4711.00,112,44,23,23
4711.00,112,44,23,23
4712.00,113,44,23,23
4712.00,113,44,23,23
4713.00,110,43,26,26
4713.00,110,43,26,26
4714.00,110,43,26,26
4714.00,110,43,26,26
4715.00,111,43,28,28
4715.00,111,43,28,28
4716.00,108,40,29,29
4716.00,108,40,29,29
4717.00,107,33,25,25
4717.00,107,33,25,25
4718.00,107,33,25,25
4718.00,107,33,25,25
4719.00,109,34,26,26
4719.00,109,34,26,26
4720.00,107,31,23,23
4720.00,107,31,23,23
4721.00,105,30,20,20
4721.00,105,30,20,20
4722.00,105,31,19,19
4722.00,105,31,19,19
4723.00,105,29,19,19
4723.00,105,29,19,19
4724.00,108,30,18,18
4724.00,108,30,18,18
4725.00,108,30,18,18
4725.00,108,30,18,18
4726.00,110,32,18,18
4726.00,110,32,18,18
4727.00,106,29,16,16
4727.00,106,29,16,16
4728.00,106,29,17,17
4728.00,106,29,17,17
4729.00,104,32,19,19
4729.00,104,32,19,19
4730.00,97,27,15,15
4730.00,97,27,15,15
4731.00,95,29,15,15
4731.00,95,29,15,15
4732.00,94,29,14,14
4732.00,94,29,14,14
4733.00,95,29,16,16
4733.00,95,29,16,16
4734.00,97,29,16,16
4734.00,97,29,16,16
4735.00,96,26,15,15
4735.00,96,26,15,15
4736.00,98,29,15,15
4736.00,98,29,15,15
4737.00,98,29,16,16
4737.00,98,29,16,16
4738.00,94,30,20,20
4738.00,94,30,20,20
4739.00,91,30,23,23
4739.00,91,30,23,23
4740.00,96,31,24,24
4740.00,96,31,24,24
4741.00,94,30,23,23
4741.00,94,30,23,23
4742.00,97,30,22,22
4742.00,97,30,22,22
4743.00,97,31,23,23
4743.00,97,31,23,23
4744.00,100,32,24,24
4744.00,100,32,24,24
4745.00,99,34,24,24
4745.00,99,34,24,24
4746.00,103,36,26,26
4746.00,103,36,26,26
4747.00,107,36,25,25
4747.00,107,36,25,25
4748.00,106,35,25,25
4748.00,106,35,25,25
4749.00,106,34,24,24
4749.00,106,34,24,24
4750.00,106,35,26,26
4750.00,106,35,26,26
4751.00,106,34,27,27
4751.00,106,34,27,27
4752.00,109,35,26,26
4752.00,109,35,26,26
4753.00,107,36,23,23
4753.00,107,36,23,23
4754.00,104,36,20,20
4754.00,104,36,20,20
4755.00,101,38,20,20
4755.00,101,38,20,20
4756.00,101,42,19,19
4756.00,101,42,19,19
4757.00,100,40,21,21
4757.00,100,40,21,21
4758.00,102,40,22,22
4758.00,102,40,22,22
4759.00,99,38,21,21
4759.00,99,38,21,21
4760.00,93,36,19,19
4760.00,93,36,19,19
4761.00,93,36,20,20
4761.00,93,36,20,20
4762.00,92,35,17,17
4762.00,92,35,17,17
4763.00,90,33,16,16
4763.00,90,33,16,16
4764.00,90,35,15,15
4764.00,90,35,15,15
4765.00,91,34,14,14
4765.00,91,34,14,14
4766.00,91,34,14,14
4766.00,91,34,14,14
4767.00,89,28,13,13
4767.00,89,28,13,13
4768.00,88,29,14,14
4768.00,88,29,14,14
4769.00,87,28,12,12
4769.00,87,28,12,12
4770.00,92,34,14,14
4770.00,92,34,14,14
4771.00,98,36,16,16
4771.00,98,36,16,16
4772.00,102,37,17,17
4772.00,102,37,17,17
4773.00,101,40,17,17
4773.00,101,40,17,17
4774.00,99,38,16,16
4774.00,99,38,16,16
4775.00,99,38,16,16
4775.00,99,38,16,16
4776.00,102,38,18,18
4776.00,102,38,18,18
4777.00,103,40,18,18
4777.00,103,40,18,18
4778.00,106,42,18,18
4778.00,106,42,18,18
4779.00,107,41,18,18
4779.00,107,41,18,18
4780.00,104,40,19,19
4780.00,104,40,19,19
4781.00,105,39,21,21
4781.00,105,39,21,21
4782.00,101,38,17,17
4782.00,101,38,17,17
4783.00,100,37,17,17
4783.00,100,37,17,17
4784.00,100,38,21,21
4784.00,100,38,21,21
4785.00,102,42,22,22
4785.00,102,42,22,22
4786.00,101,42,22,22
4786.00,101,42,22,22
4787.00,105,41,25,25
4787.00,105,41,25,25
4788.00,101,41,23,23
4788.00,101,41,23,23
4789.00,98,38,20,20
4789.00,98,38,20,20
4790.00,99,39,20,20
4790.00,99,39,20,20
4791.00,96,38,20,20
4791.00,96,38,20,20
4792.00,94,39,19,19
4792.00,94,39,19,19
4793.00,98,39,19,19
4793.00,98,39,19,19
4794.00,95,38,17,17
4794.00,95,38,17,17
4795.00,88,33,16,16
4795.00,88,33,16,16
4796.00,87,32,15,15
4796.00,87,32,15,15
4797.00,87,29,13,13
4797.00,87,29,13,13
4798.00,92,33,13,13
4798.00,92,33,13,13
4799.00,96,35,13,13
4799.00,96,35,13,13
4800.00,95,36,16,16
4800.00,95,36,16,16
4801.00,92,40,15,15
4801.00,92,40,15,15
4802.00,91,40,17,17
4802.00,91,40,17,17
4803.00,90,38,16,16
4803.00,90,38,16,16
4804.00,86,36,18,18
4804.00,86,36,18,18
4805.00,85,35,18,18
4805.00,85,35,18,18
4806.00,87,33,18,18
4806.00,87,33,18,18
4807.00,87,35,18,18
4807.00,87,35,18,18
4808.00,89,37,19,19
4808.00,89,37,19,19
4809.00,88,38,18,18
4809.00,88,38,18,18
4810.00,89,40,19,19
4810.00,89,40,19,19
4811.00,86,39,21,21
4811.00,86,39,21,21
4812.00,89,38,18,18
4812.00,89,38,18,18
4813.00,90,38,20,20
4813.00,90,38,20,20
4814.00,90,37,19,19
4814.00,90,37,19,19
4815.00,89,39,20,20
4815.00,89,39,20,20
4816.00,89,37,23,23
4816.00,89,37,23,23
4817.00,92,37,24,24
4817.00,92,37,24,24
4818.00,95,38,23,23
4818.00,95,38,23,23
4819.00,98,39,23,23
4819.00,98,39,23,23
4820.00,101,36,22,22
4820.00,101,36,22,22
4821.00,101,34,20,20
4821.00,101,34,20,20
4822.00,101,34,20,20
4822.00,101,34,20,20
4823.00,102,36,19,19
4823.00,102,36,19,19
4824.00,99,35,19,19
4824.00,99,35,19,19
4825.00,98,38,19,19
4825.00,98,38,19,19
4826.00,96,39,17,17
4826.00,96,39,17,17
4827.00,94,39,16,16
4827.00,94,39,16,16
4828.00,93,34,15,15
4828.00,93,34,15,15
4829.00,95,33,17,17
4829.00,95,33,17,17
4830.00,97,31,16,16
4830.00,97,31,16,16
4831.00,96,34,17,17
4831.00,96,34,17,17
4832.00,94,35,16,16
4832.00,94,35,16,16
4833.00,97,36,16,16
4833.00,97,36,16,16
4834.00,96,34,15,15
4834.00,96,34,15,15
4835.00,96,34,16,16
4835.00,96,34,16,16
4836.00,100,34,18,18
4836.00,100,34,18,18
4837.00,100,33,19,19
4837.00,100,33,19,19
4838.00,97,28,15,15
4838.00,97,28,15,15
4839.00,94,30,17,17
4839.00,94,30,17,17
4840.00,91,30,17,17
4840.00,91,30,17,17
4841.00,95,29,16,16
4841.00,95,29,16,16
4842.00,96,27,16,16
4842.00,96,27,16,16
4843.00,95,26,15,15
4843.00,95,26,15,15
4844.00,94,26,13,13
4844.00,94,26,13,13
4845.00,94,30,13,13
4845.00,94,30,13,13
4846.00,98,30,13,13
4846.00,98,30,13,13
4847.00,97,31,13,13
4847.00,97,31,13,13
4848.00,97,31,15,15
4848.00,97,31,15,15
4849.00,96,32,14,14
4849.00,96,32,14,14
4850.00,97,35,16,16
4850.00,97,35,16,16
4851.00,91,33,15,15
4851.00,91,33,15,15
4852.00,97,31,14,14
4852.00,97,31,14,14
4853.00,98,31,13,13
4853.00,98,31,13,13
4854.00,96,28,12,12
4854.00,96,28,12,12
4855.00,95,28,11,11
4855.00,95,28,11,11
4856.00,97,28,12,12
4856.00,97,28,12,12
4857.00,98,30,14,14
4857.00,98,30,14,14
4858.00,100,30,15,15
4858.00,100,30,15,15
4859.00,98,27,15,15
4859.00,98,27,15,15
4860.00,98,27,13,13
4860.00,98,27,13,13
4861.00,99,29,16,16
4861.00,99,29,16,16
4862.00,100,29,17,17
4862.00,100,29,17,17
4863.00,100,26,14,14
4863.00,100,26,14,14
4864.00,97,27,14,14
4864.00,97,27,14,14
4865.00,99,28,15,15
4865.00,99,28,15,15
4866.00,99,30,15,15
4866.00,99,30,15,15
4867.00,96,30,15,15
4867.00,96,30,15,15
4868.00,93,27,13,13
4868.00,93,27,13,13
4869.00,95,28,14,14
4869.00,95,28,14,14
4870.00,95,28,15,15
4870.00,95,28,15,15
4871.00,94,29,14,14
4871.00,94,29,14,14
4872.00,96,29,12,12
4872.00,96,29,12,12
4873.00,93,32,14,14
4873.00,93,32,14,14
4874.00,93,32,13,13
4874.00,93,32,13,13
4875.00,99,33,15,15
4875.00,99,33,15,15
4876.00,97,33,13,13
4876.00,97,33,13,13
4877.00,100,35,14,14
4877.00,100,35,14,14
4878.00,97,32,14,14
4878.00,97,32,14,14
4879.00,95,34,14,14
4879.00,95,34,14,14
4880.00,94,32,13,13
4880.00,94,32,13,13
4881.00,96,32,14,14
4881.00,96,32,14,14
4882.00,97,31,13,13
4882.00,97,31,13,13
4883.00,101,31,13,13
4883.00,101,31,13,13
4884.00,99,30,12,12
4884.00,99,30,12,12
4885.00,94,28,13,13
4885.00,94,28,13,13
4886.00,95,29,13,13
4886.00,95,29,13,13
4887.00,95,27,14,14
4887.00,95,27,14,14
4888.00,97,28,14,14
4888.00,97,28,14,14
4889.00,101,30,17,17
4889.00,101,30,17,17
4890.00,99,29,17,17
4890.00,99,29,17,17
4891.00,100,26,17,17
4891.00,100,26,17,17
4892.00,100,26,18,18
4892.00,100,26,18,18
4893.00,99,26,19,19
4893.00,99,26,19,19
4894.00,99,26,20,20
4894.00,99,26,20,20
4895.00,101,26,19,19
4895.00,101,26,19,19
4896.00,103,27,19,19
4896.00,103,27,19,19
4897.00,98,26,18,18
4897.00,98,26,18,18
4898.00,100,26,18,18
4898.00,100,26,18,18
4899.00,96,24,17,17
4899.00,96,24,17,17
4900.00,95,24,17,17
4900.00,95,24,17,17
4901.00,95,22,16,16
4901.00,95,22,16,16
4902.00,95,23,17,17
4902.00,95,23,17,17
4903.00,93,22,16,16
4903.00,93,22,16,16
4904.00,93,23,15,15
4904.00,93,23,15,15
4905.00,92,22,14,14
4905.00,92,22,14,14
4906.00,93,24,15,15
4906.00,93,24,15,15
4907.00,92,25,15,15
4907.00,92,25,15,15
4908.00,92,23,15,15
4908.00,92,23,15,15
4909.00,93,23,16,16
4909.00,93,23,16,16
4910.00,91,23,15,15
4910.00,91,23,15,15
4911.00,90,22,15,15
4911.00,90,22,15,15
4912.00,93,22,15,15
4912.00,93,22,15,15
4913.00,95,23,14,14
4913.00,95,23,14,14
4914.00,96,23,14,14
4914.00,96,23,14,14
4915.00,95,21,12,12
4915.00,95,21,12,12
4916.00,99,23,12,12
4916.00,99,23,12,12
4917.00,96,25,14,14
4917.00,96,25,14,14
4918.00,98,27,17,17
4918.00,98,27,17,17
4919.00,99,28,17,17
4919.00,99,28,17,17
4920.00,100,30,16,16
4920.00,100,30,16,16
4921.00,99,31,16,16
4921.00,99,31,16,16
4922.00,101,30,15,15
4922.00,101,30,15,15
4923.00,100,30,15,15
4923.00,100,30,15,15
4924.00,98,30,15,15
4924.00,98,30,15,15
4925.00,103,35,16,16
4925.00,103,35,16,16
4926.00,101,33,15,15
4926.00,101,33,15,15
4927.00,102,32,14,14
4927.00,102,32,14,14
4928.00,104,32,13,13
4928.00,104,32,13,13
4929.00,109,35,12,12
4929.00,109,35,12,12
4930.00,111,35,13,13
4930.00,111,35,13,13
4931.00,111,36,12,12
4931.00,111,36,12,12
4932.00,113,38,15,15
4932.00,113,38,15,15
4933.00,113,38,17,17
4933.00,113,38,17,17
4934.00,112,39,19,19
4934.00,112,39,19,19
4935.00,113,39,19,19
4935.00,113,39,19,19
4936.00,116,42,21,21
4936.00,116,42,21,21
4937.00,113,42,20,20
4937.00,113,42,20,20
4938.00,116,42,19,19
4938.00,116,42,19,19
4939.00,113,41,21,21
4939.00,113,41,21,21
4940.00,114,40,22,22
4940.00,114,40,22,22
4941.00,111,37,21,21
4941.00,111,37,21,21
4942.00,111,39,22,22
4942.00,111,39,22,22
4943.00,110,40,25,25
4943.00,110,40,25,25
4944.00,110,41,26,26
4944.00,110,41,26,26
4945.00,110,39,24,24
4945.00,110,39,24,24
4946.00,111,37,24,24
4946.00,111,37,24,24
4947.00,109,34,23,23
4947.00,109,34,23,23
4948.00,109,34,23,23
4948.00,109,34,23,23
4949.00,102,28,21,21
4949.00,102,28,21,21
4950.00,101,30,20,20
4950.00,101,30,20,20
4951.00,96,28,19,19
4951.00,96,28,19,19
4952.00,98,27,19,19
4952.00,98,27,19,19
4953.00,97,28,19,19
4953.00,97,28,19,19
4954.00,98,28,19,19
4954.00,98,28,19,19
4955.00,98,27,19,19
4955.00,98,27,19,19
4956.00,99,27,20,20
4956.00,99,27,20,20
4957.00,96,23,18,18
4957.00,96,23,18,18
4958.00,96,23,18,18
4958.00,96,23,18,18
4959.00,99,23,15,15
4959.00,99,23,15,15
4960.00,96,22,15,15
4960.00,96,22,15,15
4961.00,99,23,15,15
4961.00,99,23,15,15
4962.00,96,27,16,16
4962.00,96,27,16,16
4963.00,93,26,15,15
4963.00,93,26,15,15
4964.00,92,28,18,18
4964.00,92,28,18,18
4965.00,88,27,16,16
4965.00,88,27,16,16
4966.00,91,28,17,17
4966.00,91,28,17,17
4967.00,94,28,17,17
4967.00,94,28,17,17
4968.00,98,29,18,18
4968.00,98,29,18,18
4969.00,95,29,17,17
4969.00,95,29,17,17
4970.00,98,31,18,18
4970.00,98,31,18,18
4971.00,94,32,19,19
4971.00,94,32,19,19
4972.00,96,31,19,19
4972.00,96,31,19,19
4973.00,97,30,19,19
4973.00,97,30,19,19
4974.00,100,33,19,19
4974.00,100,33,19,19
4975.00,96,33,18,18
4975.00,96,33,18,18
4976.00,99,34,19,19
4976.00,99,34,19,19
4977.00,96,32,18,18
4977.00,96,32,18,18
4978.00,95,33,18,18
4978.00,95,33,18,18
4979.00,94,34,17,17
4979.00,94,34,17,17
4980.00,98,39,19,19
4980.00,98,39,19,19
4981.00,99,39,19,19
4981.00,99,39,19,19
4982.00,100,38,19,19
4982.00,100,38,19,19
4983.00,100,40,19,19
4983.00,100,40,19,19
4984.00,104,41,20,20
4984.00,104,41,20,20
4985.00,101,39,18,18
4985.00,101,39,18,18
4986.00,103,39,18,18
4986.00,103,39,18,18
4987.00,103,39,19,19
4987.00,103,39,19,19
4988.00,108,41,21,21
4988.00,108,41,21,21
4989.00,108,42,21,21
4989.00,108,42,21,21
4990.00,107,42,20,20
4990.00,107,42,20,20
4991.00,105,41,18,18
4991.00,105,41,18,18
4992.00,106,42,19,19
4992.00,106,42,19,19
4993.00,108,44,18,18
4993.00,108,44,18,18
4994.00,107,45,20,20
4994.00,107,45,20,20
4995.00,111,48,20,20
4995.00,111,48,20,20
4996.00,107,49,20,20
4996.00,107,49,20,20
4997.00,108,50,23,23
4997.00,108,50,23,23
4998.00,111,45,24,24
4998.00,111,45,24,24
4999.00,112,47,22,22
4999.00,112,47,22,22
5000.00,108,43,23,23
5000.00,108,43,23,23
5001.00,111,40,24,24
5001.00,111,40,24,24
5002.00,108,39,24,24
5002.00,108,39,24,24
5003.00,108,36,23,23
5003.00,108,36,23,23
5004.00,111,38,23,23
5004.00,111,38,23,23
5005.00,113,41,22,22
5005.00,113,41,22,22
5006.00,118,46,22,22
5006.00,118,46,22,22
5007.00,118,50,22,22
5007.00,118,50,22,22
5008.00,120,50,23,23
5008.00,120,50,23,23
5009.00,121,51,25,25
5009.00,121,51,25,25
5010.00,118,49,25,25
5010.00,118,49,25,25
5011.00,117,48,25,25
5011.00,117,48,25,25
5012.00,116,45,23,23
5012.00,116,45,23,23
5013.00,113,43,24,24
5013.00,113,43,24,24
5014.00,110,42,24,24
5014.00,110,42,24,24
5015.00,113,42,25,25
5015.00,113,42,25,25
5016.00,114,44,25,25
5016.00,114,44,25,25
5017.00,105,40,21,21
5017.00,105,40,21,21
5018.00,102,39,21,21
5018.00,102,39,21,21
5019.00,101,40,23,23
5019.00,101,40,23,23
5020.00,99,40,22,22
5020.00,99,40,22,22
5021.00,96,39,21,21
5021.00,96,39,21,21
5022.00,97,38,18,18
5022.00,97,38,18,18
5023.00,94,37,19,19
5023.00,94,37,19,19
5024.00,92,38,21,21
5024.00,92,38,21,21
5025.00,93,35,20,20
5025.00,93,35,20,20
5026.00,92,36,22,22
5026.00,92,36,22,22
5027.00,92,36,22,22
5027.00,92,36,22,22
5028.00,93,37,22,22
5028.00,93,37,22,22
5029.00,93,35,24,24
5029.00,93,35,24,24
5030.00,88,34,21,21
5030.00,88,34,21,21
5031.00,94,35,21,21
5031.00,94,35,21,21
5032.00,95,34,22,22
5032.00,95,34,22,22
5033.00,89,32,23,23
5033.00,89,32,23,23
5034.00,89,32,25,25
5034.00,89,32,25,25
5035.00,92,36,26,26
5035.00,92,36,26,26
5036.00,93,38,27,27
5036.00,93,38,27,27
5037.00,94,39,27,27
5037.00,94,39,27,27
5038.00,93,40,27,27
5038.00,93,40,27,27
5039.00,92,41,26,26
5039.00,92,41,26,26
5040.00,92,38,25,25
5040.00,92,38,25,25
5041.00,89,36,21,21
5041.00,89,36,21,21
5042.00,94,34,23,23
5042.00,94,34,23,23
5043.00,99,35,22,22
5043.00,99,35,22,22
5044.00,97,35,23,23
5044.00,97,35,23,23
5045.00,100,38,23,23
5045.00,100,38,23,23
5046.00,102,39,21,21
5046.00,102,39,21,21
5047.00,103,40,22,22
5047.00,103,40,22,22
5048.00,101,39,21,21
5048.00,101,39,21,21
5049.00,105,41,23,23
5049.00,105,41,23,23
5050.00,104,38,21,21
5050.00,104,38,21,21
5051.00,108,37,22,22
5051.00,108,37,22,22
5052.00,107,36,20,20
5052.00,107,36,20,20
5053.00,104,35,19,19
5053.00,104,35,19,19
5054.00,101,33,18,18
5054.00,101,33,18,18
5055.00,97,31,18,18
5055.00,97,31,18,18
5056.00,98,35,18,18
5056.00,98,35,18,18
5057.00,94,35,19,19
5057.00,94,35,19,19
5058.00,94,34,18,18
5058.00,94,34,18,18
5059.00,94,33,18,18
5059.00,94,33,18,18
5060.00,91,32,19,19
5060.00,91,32,19,19
5061.00,89,33,22,22
5061.00,89,33,22,22
5062.00,89,34,22,22
5062.00,89,34,22,22
5063.00,91,32,22,22
5063.00,91,32,22,22
5064.00,92,31,21,21
5064.00,92,31,21,21
5065.00,91,34,22,22
5065.00,91,34,22,22
5066.00,92,31,20,20
5066.00,92,31,20,20
5067.00,90,31,20,20
5067.00,90,31,20,20
5068.00,87,30,19,19
5068.00,87,30,19,19
5069.00,87,30,18,18
5069.00,87,30,18,18
5070.00,87,30,21,21
5070.00,87,30,21,21
5071.00,89,32,21,21
5071.00,89,32,21,21
5072.00,90,29,21,21
5072.00,90,29,21,21
5073.00,91,30,21,21
5073.00,91,30,21,21
5074.00,88,30,20,20
5074.00,88,30,20,20
5075.00,89,31,17,17
5075.00,89,31,17,17
5076.00,81,26,14,14
5076.00,81,26,14,14
5077.00,76,24,13,13
5077.00,76,24,13,13
5078.00,77,25,13,13
5078.00,77,25,13,13
5079.00,79,26,14,14
5079.00,79,26,14,14
5080.00,73,24,13,13
5080.00,73,24,13,13
5081.00,71,25,14,14
5081.00,71,25,14,14
5082.00,74,25,15,15
5082.00,74,25,15,15
5083.00,77,27,15,15
5083.00,77,27,15,15
5084.00,83,29,15,15
5084.00,83,29,15,15
5085.00,83,27,15,15
5085.00,83,27,15,15
5086.00,85,27,14,14
5086.00,85,27,14,14
5087.00,84,27,16,16
5087.00,84,27,16,16
5088.00,85,27,14,14
5088.00,85,27,14,14
5089.00,88,28,15,15
5089.00,88,28,15,15
5090.00,88,28,14,14
5090.00,88,28,14,14
5091.00,90,28,13,13
5091.00,90,28,13,13
5092.00,91,28,12,12
5092.00,91,28,12,12
5093.00,91,27,11,11
5093.00,91,27,11,11
5094.00,96,27,12,12
5094.00,96,27,12,12
5095.00,98,27,12,12
5095.00,98,27,12,12
5096.00,104,27,13,13
5096.00,104,27,13,13
5097.00,103,27,13,13
5097.00,103,27,13,13
5098.00,103,28,14,14
5098.00,103,28,14,14
5099.00,101,25,12,12
5099.00,101,25,12,12
5100.00,106,27,12,12
5100.00,106,27,12,12
5101.00,103,27,12,12
5101.00,103,27,12,12
5102.00,103,30,12,12
5102.00,103,30,12,12
5103.00,105,30,12,12
5103.00,105,30,12,12
5104.00,107,28,12,12
5104.00,107,28,12,12
5105.00,107,30,15,15
5105.00,107,30,15,15
5106.00,106,29,14,14
5106.00,106,29,14,14
5107.00,104,28,12,12
5107.00,104,28,12,12
5108.00,103,27,10,10
5108.00,103,27,10,10
5109.00,103,28,11,11
5109.00,103,28,11,11
5110.00,105,29,11,11
5110.00,105,29,11,11
5111.00,105,30,11,11
5111.00,105,30,11,11
5112.00,106,32,12,12
5112.00,106,32,12,12
5113.00,109,34,13,13
5113.00,109,34,13,13
5114.00,109,35,14,14
5114.00,109,35,14,14
5115.00,109,35,13,13
5115.00,109,35,13,13
5116.00,106,35,14,14
5116.00,106,35,14,14
5117.00,105,35,17,17
5117.00,105,35,17,17
5118.00,104,35,17,17
5118.00,104,35,17,17
5119.00,101,31,18,18
5119.00,101,31,18,18
5120.00,101,32,18,18
5120.00,101,32,18,18
5121.00,102,32,21,21
5121.00,102,32,21,21
5122.00,100,31,20,20
5122.00,100,31,20,20
5123.00,104,34,23,23
5123.00,104,34,23,23
5124.00,100,34,24,24
5124.00,100,34,24,24
5125.00,102,33,22,22
5125.00,102,33,22,22
5126.00,100,32,22,22
5126.00,100,32,22,22
5127.00,104,32,21,21
5127.00,104,32,21,21
5128.00,102,32,22,22
5128.00,102,32,22,22
5129.00,101,33,21,21
5129.00,101,33,21,21
5130.00,98,33,19,19
5130.00,98,33,19,19
5131.00,99,32,17,17
5131.00,99,32,17,17
5132.00,98,35,20,20
5132.00,98,35,20,20
5133.00,100,37,21,21
5133.00,100,37,21,21
5134.00,103,38,22,22
5134.00,103,38,22,22
5135.00,106,37,20,20
5135.00,106,37,20,20
5136.00,105,37,20,20
5136.00,105,37,20,20
5137.00,107,38,21,21
5137.00,107,38,21,21
5138.00,109,40,21,21
5138.00,109,40,21,21
5139.00,111,40,20,20
5139.00,111,40,20,20
5140.00,107,40,18,18
5140.00,107,40,18,18
5141.00,106,41,19,19
5141.00,106,41,19,19
5142.00,103,37,17,17
5142.00,103,37,17,17
5143.00,107,38,16,16
5143.00,107,38,16,16
5144.00,107,38,19,19
5144.00,107,38,19,19
5145.00,106,37,17,17
5145.00,106,37,17,17
5146.00,106,40,18,18
5146.00,106,40,18,18
5147.00,104,39,20,20
5147.00,104,39,20,20
5148.00,105,38,21,21
5148.00,105,38,21,21
5149.00,107,38,23,23
5149.00,107,38,23,23
5150.00,107,38,24,24
5150.00,107,38,24,24
5151.00,103,39,24,24
5151.00,103,39,24,24
5152.00,105,43,24,24
5152.00,105,43,24,24
5153.00,102,42,23,23
5153.00,102,42,23,23
5154.00,104,50,25,25
5154.00,104,50,25,25
5155.00,100,45,24,24
5155.00,100,45,24,24
5156.00,105,46,25,25
5156.00,105,46,25,25
5157.00,109,46,25,25
5157.00,109,46,25,25
5158.00,111,48,24,24
5158.00,111,48,24,24
5159.00,111,49,24,24
5159.00,111,49,24,24
5160.00,111,52,24,24
5160.00,111,52,24,24
5161.00,110,48,24,24
5161.00,110,48,24,24
5162.00,106,46,25,25
5162.00,106,46,25,25
5163.00,110,50,28,28
5163.00,110,50,28,28
5164.00,110,50,28,28
5164.00,110,50,28,28
5165.00,108,47,29,29
5165.00,108,47,29,29
5166.00,111,51,30,30
5166.00,111,51,30,30
5167.00,109,50,27,27
5167.00,109,50,27,27
5168.00,109,49,26,26
5168.00,109,49,26,26
5169.00,116,50,28,28
5169.00,116,50,28,28
5170.00,113,50,30,30
5170.00,113,50,30,30
5171.00,112,51,29,29
5171.00,112,51,29,29
5172.00,112,53,31,31
5172.00,112,53,31,31
5173.00,112,54,30,30
5173.00,112,54,30,30
5174.00,113,53,29,29
5174.00,113,53,29,29
5175.00,107,50,28,28
5175.00,107,50,28,28
5176.00,109,51,26,26
5176.00,109,51,26,26
5177.00,109,52,27,27
5177.00,109,52,27,27
5178.00,106,51,26,26
5178.00,106,51,26,26
5179.00,112,54,26,26
5179.00,112,54,26,26
5180.00,108,52,29,29
5180.00,108,52,29,29
5181.00,106,51,29,29
5181.00,106,51,29,29
5182.00,108,51,32,32
5182.00,108,51,32,32
5183.00,108,48,32,32
5183.00,108,48,32,32
5184.00,113,46,31,31
5184.00,113,46,31,31
5185.00,112,47,32,32
5185.00,112,47,32,32
5186.00,111,45,32,32
5186.00,111,45,32,32
5187.00,110,47,31,31
5187.00,110,47,31,31
5188.00,107,43,30,30
5188.00,107,43,30,30
5189.00,106,42,30,30
5189.00,106,42,30,30
5190.00,108,42,31,31
5190.00,108,42,31,31
5191.00,107,40,30,30
5191.00,107,40,30,30
5192.00,106,39,29,29
5192.00,106,39,29,29
5193.00,105,41,28,28
