"run","allowImportationsDuringBurnIn","isBatchRun","isolatePatientWhenDetected","doActiveSurveillanceAfterBurnIn","isolationEffectiveness","diseaseName","shape1","shape2","importationRate","isActiveSurveillanceAgent","beta","extraIteration","prob1","midstaySurveillanceAdherence","daysBetweenTests","simulationDurationAfterBurnIn","randomSeed","admissionSurveillanceAdherence","meanDetectionTime","avgDecolonizationTime","scale2","scale1","probSurveillanceDetection","burnInPeriod"
1,"false","false","true","false",0.5,"CRE",7.60197,1.23279,0.206,"true",0.0,1,0.62531,0.954,7.0,5475,-929615374,0.911,122.0,387.0,23.52147,3.41952,0.8,3650
19,"false","false","true","false",0.5,"CRE",7.60197,1.23279,0.206,"true",0.18,1,0.62531,0.954,7.0,5475,-929609984,0.911,122.0,387.0,23.52147,3.41952,0.8,3650
37,"false","false","true","false",0.5,"CRE",7.60197,1.23279,0.206,"true",0.36,1,0.62531,0.954,7.0,5475,-929571943,0.911,122.0,387.0,23.52147,3.41952,0.8,3650
55,"false","false","true","false",0.5,"CRE",7.60197,1.23279,0.206,"true",0.54,1,0.62531,0.954,7.0,5475,-929546907,0.911,122.0,387.0,23.52147,3.41952,0.8,3650
73,"false","false","true","false",0.5,"CRE",7.60197,1.23279,0.206,"true",0.72,1,0.62531,0.954,7.0,5475,-929519590,0.911,122.0,387.0,23.52147,3.41952,0.8,3650
91,"false","false","true","false",0.5,"CRE",7.60197,1.23279,0.206,"true",0.9,1,0.62531,0.954,7.0,5475,-929485196,0.911,122.0,387.0,23.52147,3.41952,0.8,3650
109,"false","false","true","false",0.5,"CRE",7.60197,1.23279,0.206,"true",0.07,2,0.62531,0.954,7.0,5475,-929454900,0.911,122.0,387.0,23.52147,3.41952,0.8,3650
127,"false","false","true","false",0.5,"CRE",7.60197,1.23279,0.206,"true",0.25,2,0.62531,0.954,7.0,5475,-929432086,0.911,122.0,387.0,23.52147,3.41952,0.8,3650
145,"false","false","true","false",0.5,"CRE",7.60197,1.23279,0.206,"true",0.43,2,0.62531,0.954,7.0,5475,-929396058,0.911,122.0,387.0,23.52147,3.41952,0.8,3650
163,"false","false","true","false",0.5,"CRE",7.60197,1.23279,0.206,"true",0.61,2,0.62531,0.954,7.0,5475,-929366830,0.911,122.0,387.0,23.52147,3.41952,0.8,3650
181,"false","false","true","false",0.5,"CRE",7.60197,1.23279,0.206,"true",0.79,2,0.62531,0.954,7.0,5475,-929335713,0.911,122.0,387.0,23.52147,3.41952,0.8,3650
199,"false","false","true","false",0.5,"CRE",7.60197,1.23279,0.206,"true",0.97,2,0.62531,0.954,7.0,5475,-929303808,0.911,122.0,387.0,23.52147,3.41952,0.8,3650
217,"false","false","true","false",0.5,"CRE",7.60197,1.23279,0.206,"true",0.14,3,0.62531,0.954,7.0,5475,-929268366,0.911,122.0,387.0,23.52147,3.41952,0.8,3650
235,"false","false","true","false",0.5,"CRE",7.60197,1.23279,0.206,"true",0.32,3,0.62531,0.954,7.0,5475,-929237778,0.911,122.0,387.0,23.52147,3.41952,0.8,3650
253,"false","false","true","false",0.5,"CRE",7.60197,1.23279,0.206,"true",0.5,3,0.62531,0.954,7.0,5475,-929207994,0.911,122.0,387.0,23.52147,3.41952,0.8,3650
271,"false","false","true","false",0.5,"CRE",7.60197,1.23279,0.206,"true",0.68,3,0.62531,0.954,7.0,5475,-929177585,0.911,122.0,387.0,23.52147,3.41952,0.8,3650
289,"false","false","true","false",0.5,"CRE",7.60197,1.23279,0.206,"true",0.86,3,0.62531,0.954,7.0,5475,-929148629,0.911,122.0,387.0,23.52147,3.41952,0.8,3650
307,"false","false","true","false",0.5,"CRE",7.60197,1.23279,0.206,"true",0.03,4,0.62531,0.954,7.0,5475,-929105476,0.911,122.0,387.0,23.52147,3.41952,0.8,3650
325,"false","false","true","false",0.5,"CRE",7.60197,1.23279,0.206,"true",0.21,4,0.62531,0.954,7.0,5475,-929097198,0.911,122.0,387.0,23.52147,3.41952,0.8,3650
343,"false","false","true","false",0.5,"CRE",7.60197,1.23279,0.206,"true",0.39,4,0.62531,0.954,7.0,5475,-929065840,0.911,122.0,387.0,23.52147,3.41952,0.8,3650
361,"false","false","true","false",0.5,"CRE",7.60197,1.23279,0.206,"true",0.57,4,0.62531,0.954,7.0,5475,-929034278,0.911,122.0,387.0,23.52147,3.41952,0.8,3650
379,"false","false","true","false",0.5,"CRE",7.60197,1.23279,0.206,"true",0.75,4,0.62531,0.954,7.0,5475,-929006901,0.911,122.0,387.0,23.52147,3.41952,0.8,3650
397,"false","false","true","false",0.5,"CRE",7.60197,1.23279,0.206,"true",0.93,4,0.62531,0.954,7.0,5475,-928978047,0.911,122.0,387.0,23.52147,3.41952,0.8,3650
10,"false","false","true","false",0.5,"CRE",7.60197,1.23279,0.206,"true",0.09,1,0.62531,0.954,7.0,5475,-929612140,0.911,122.0,387.0,23.52147,3.41952,0.8,3650
28,"false","false","true","false",0.5,"CRE",7.60197,1.23279,0.206,"true",0.27,1,0.62531,0.954,7.0,5475,-929571563,0.911,122.0,387.0,23.52147,3.41952,0.8,3650
46,"false","false","true","false",0.5,"CRE",7.60197,1.23279,0.206,"true",0.45,1,0.62531,0.954,7.0,5475,-929537314,0.911,122.0,387.0,23.52147,3.41952,0.8,3650
64,"false","false","true","false",0.5,"CRE",7.60197,1.23279,0.206,"true",0.63,1,0.62531,0.954,7.0,5475,-929499736,0.911,122.0,387.0,23.52147,3.41952,0.8,3650
82,"false","false","true","false",0.5,"CRE",7.60197,1.23279,0.206,"true",0.81,1,0.62531,0.954,7.0,5475,-929451998,0.911,122.0,387.0,23.52147,3.41952,0.8,3650
100,"false","false","true","false",0.5,"CRE",7.60197,1.23279,0.206,"true",0.99,1,0.62531,0.954,7.0,5475,-929401486,0.911,122.0,387.0,23.52147,3.41952,0.8,3650
118,"false","false","true","false",0.5,"CRE",7.60197,1.23279,0.206,"true",0.16,2,0.62531,0.954,7.0,5475,-929348404,0.911,122.0,387.0,23.52147,3.41952,0.8,3650
136,"false","false","true","false",0.5,"CRE",7.60197,1.23279,0.206,"true",0.34,2,0.62531,0.954,7.0,5475,-929305936,0.911,122.0,387.0,23.52147,3.41952,0.8,3650
154,"false","false","true","false",0.5,"CRE",7.60197,1.23279,0.206,"true",0.52,2,0.62531,0.954,7.0,5475,-929270150,0.911,122.0,387.0,23.52147,3.41952,0.8,3650
172,"false","false","true","false",0.5,"CRE",7.60197,1.23279,0.206,"true",0.7,2,0.62531,0.954,7.0,5475,-929228646,0.911,122.0,387.0,23.52147,3.41952,0.8,3650
190,"false","false","true","false",0.5,"CRE",7.60197,1.23279,0.206,"true",0.88,2,0.62531,0.954,7.0,5475,-929185735,0.911,122.0,387.0,23.52147,3.41952,0.8,3650
208,"false","false","true","false",0.5,"CRE",7.60197,1.23279,0.206,"true",0.05,3,0.62531,0.954,7.0,5475,-929145198,0.911,122.0,387.0,23.52147,3.41952,0.8,3650
226,"false","false","true","false",0.5,"CRE",7.60197,1.23279,0.206,"true",0.23,3,0.62531,0.954,7.0,5475,-929124082,0.911,122.0,387.0,23.52147,3.41952,0.8,3650
244,"false","false","true","false",0.5,"CRE",7.60197,1.23279,0.206,"true",0.41,3,0.62531,0.954,7.0,5475,-929085097,0.911,122.0,387.0,23.52147,3.41952,0.8,3650
262,"false","false","true","false",0.5,"CRE",7.60197,1.23279,0.206,"true",0.59,3,0.62531,0.954,7.0,5475,-929052935,0.911,122.0,387.0,23.52147,3.41952,0.8,3650
280,"false","false","true","false",0.5,"CRE",7.60197,1.23279,0.206,"true",0.77,3,0.62531,0.954,7.0,5475,-929013900,0.911,122.0,387.0,23.52147,3.41952,0.8,3650
298,"false","false","true","false",0.5,"CRE",7.60197,1.23279,0.206,"true",0.95,3,0.62531,0.954,7.0,5475,-928971413,0.911,122.0,387.0,23.52147,3.41952,0.8,3650
316,"false","false","true","false",0.5,"CRE",7.60197,1.23279,0.206,"true",0.12,4,0.62531,0.954,7.0,5475,-928917592,0.911,122.0,387.0,23.52147,3.41952,0.8,3650
334,"false","false","true","false",0.5,"CRE",7.60197,1.23279,0.206,"true",0.3,4,0.62531,0.954,7.0,5475,-928878521,0.911,122.0,387.0,23.52147,3.41952,0.8,3650
352,"false","false","true","false",0.5,"CRE",7.60197,1.23279,0.206,"true",0.48,4,0.62531,0.954,7.0,5475,-928841320,0.911,122.0,387.0,23.52147,3.41952,0.8,3650
370,"false","false","true","false",0.5,"CRE",7.60197,1.23279,0.206,"true",0.66,4,0.62531,0.954,7.0,5475,-928802119,0.911,122.0,387.0,23.52147,3.41952,0.8,3650
388,"false","false","true","false",0.5,"CRE",7.60197,1.23279,0.206,"true",0.84,4,0.62531,0.954,7.0,5475,-928762654,0.911,122.0,387.0,23.52147,3.41952,0.8,3650
11,"false","false","true","false",0.5,"CRE",7.60197,1.23279,0.206,"true",0.1,1,0.62531,0.954,7.0,5475,-929611166,0.911,122.0,387.0,23.52147,3.41952,0.8,3650
29,"false","false","true","false",0.5,"CRE",7.60197,1.23279,0.206,"true",0.28,1,0.62531,0.954,7.0,5475,-929567042,0.911,122.0,387.0,23.52147,3.41952,0.8,3650
47,"false","false","true","false",0.5,"CRE",7.60197,1.23279,0.206,"true",0.46,1,0.62531,0.954,7.0,5475,-929531460,0.911,122.0,387.0,23.52147,3.41952,0.8,3650
65,"false","false","true","false",0.5,"CRE",7.60197,1.23279,0.206,"true",0.64,1,0.62531,0.954,7.0,5475,-929488523,0.911,122.0,387.0,23.52147,3.41952,0.8,3650
83,"false","false","true","false",0.5,"CRE",7.60197,1.23279,0.206,"true",0.82,1,0.62531,0.954,7.0,5475,-929445668,0.911,122.0,387.0,23.52147,3.41952,0.8,3650
101,"false","false","true","false",0.5,"CRE",7.60197,1.23279,0.206,"true",1.0,1,0.62531,0.954,7.0,5475,-929394181,0.911,122.0,387.0,23.52147,3.41952,0.8,3650
119,"false","false","true","false",0.5,"CRE",7.60197,1.23279,0.206,"true",0.17,2,0.62531,0.954,7.0,5475,-929344261,0.911,122.0,387.0,23.52147,3.41952,0.8,3650
137,"false","false","true","false",0.5,"CRE",7.60197,1.23279,0.206,"true",0.35,2,0.62531,0.954,7.0,5475,-929292081,0.911,122.0,387.0,23.52147,3.41952,0.8,3650
155,"false","false","true","false",0.5,"CRE",7.60197,1.23279,0.206,"true",0.53,2,0.62531,0.954,7.0,5475,-929261372,0.911,122.0,387.0,23.52147,3.41952,0.8,3650
173,"false","false","true","false",0.5,"CRE",7.60197,1.23279,0.206,"true",0.71,2,0.62531,0.954,7.0,5475,-929222050,0.911,122.0,387.0,23.52147,3.41952,0.8,3650
191,"false","false","true","false",0.5,"CRE",7.60197,1.23279,0.206,"true",0.89,2,0.62531,0.954,7.0,5475,-929181306,0.911,122.0,387.0,23.52147,3.41952,0.8,3650
209,"false","false","true","false",0.5,"CRE",7.60197,1.23279,0.206,"true",0.06,3,0.62531,0.954,7.0,5475,-929134780,0.911,122.0,387.0,23.52147,3.41952,0.8,3650
227,"false","false","true","false",0.5,"CRE",7.60197,1.23279,0.206,"true",0.24,3,0.62531,0.954,7.0,5475,-929108992,0.911,122.0,387.0,23.52147,3.41952,0.8,3650
245,"false","false","true","false",0.5,"CRE",7.60197,1.23279,0.206,"true",0.42,3,0.62531,0.954,7.0,5475,-929062350,0.911,122.0,387.0,23.52147,3.41952,0.8,3650
263,"false","false","true","false",0.5,"CRE",7.60197,1.23279,0.206,"true",0.6,3,0.62531,0.954,7.0,5475,-929026703,0.911,122.0,387.0,23.52147,3.41952,0.8,3650
281,"false","false","true","false",0.5,"CRE",7.60197,1.23279,0.206,"true",0.78,3,0.62531,0.954,7.0,5475,-928983571,0.911,122.0,387.0,23.52147,3.41952,0.8,3650
299,"false","false","true","false",0.5,"CRE",7.60197,1.23279,0.206,"true",0.96,3,0.62531,0.954,7.0,5475,-928934479,0.911,122.0,387.0,23.52147,3.41952,0.8,3650
317,"false","false","true","false",0.5,"CRE",7.60197,1.23279,0.206,"true",0.13,4,0.62531,0.954,7.0,5475,-928889623,0.911,122.0,387.0,23.52147,3.41952,0.8,3650
335,"false","false","true","false",0.5,"CRE",7.60197,1.23279,0.206,"true",0.31,4,0.62531,0.954,7.0,5475,-928848339,0.911,122.0,387.0,23.52147,3.41952,0.8,3650
353,"false","false","true","false",0.5,"CRE",7.60197,1.23279,0.206,"true",0.49,4,0.62531,0.954,7.0,5475,-928814111,0.911,122.0,387.0,23.52147,3.41952,0.8,3650
371,"false","false","true","false",0.5,"CRE",7.60197,1.23279,0.206,"true",0.67,4,0.62531,0.954,7.0,5475,-928777708,0.911,122.0,387.0,23.52147,3.41952,0.8,3650
389,"false","false","true","false",0.5,"CRE",7.60197,1.23279,0.206,"true",0.85,4,0.62531,0.954,7.0,5475,-928740957,0.911,122.0,387.0,23.52147,3.41952,0.8,3650
12,"false","false","true","false",0.5,"CRE",7.60197,1.23279,0.206,"true",0.11,1,0.62531,0.954,7.0,5475,-929611507,0.911,122.0,387.0,23.52147,3.41952,0.8,3650
30,"false","false","true","false",0.5,"CRE",7.60197,1.23279,0.206,"true",0.29,1,0.62531,0.954,7.0,5475,-929568376,0.911,122.0,387.0,23.52147,3.41952,0.8,3650
48,"false","false","true","false",0.5,"CRE",7.60197,1.23279,0.206,"true",0.47,1,0.62531,0.954,7.0,5475,-929535118,0.911,122.0,387.0,23.52147,3.41952,0.8,3650
66,"false","false","true","false",0.5,"CRE",7.60197,1.23279,0.206,"true",0.65,1,0.62531,0.954,7.0,5475,-929501565,0.911,122.0,387.0,23.52147,3.41952,0.8,3650
84,"false","false","true","false",0.5,"CRE",7.60197,1.23279,0.206,"true",0.83,1,0.62531,0.954,7.0,5475,-929463360,0.911,122.0,387.0,23.52147,3.41952,0.8,3650
102,"false","false","true","false",0.5,"CRE",7.60197,1.23279,0.206,"true",0.0,2,0.62531,0.954,7.0,5475,-929417030,0.911,122.0,387.0,23.52147,3.41952,0.8,3650
120,"false","false","true","false",0.5,"CRE",7.60197,1.23279,0.206,"true",0.18,2,0.62531,0.954,7.0,5475,-929415899,0.911,122.0,387.0,23.52147,3.41952,0.8,3650
138,"false","false","true","false",0.5,"CRE",7.60197,1.23279,0.206,"true",0.36,2,0.62531,0.954,7.0,5475,-929370273,0.911,122.0,387.0,23.52147,3.41952,0.8,3650
156,"false","false","true","false",0.5,"CRE",7.60197,1.23279,0.206,"true",0.54,2,0.62531,0.954,7.0,5475,-929335379,0.911,122.0,387.0,23.52147,3.41952,0.8,3650
174,"false","false","true","false",0.5,"CRE",7.60197,1.23279,0.206,"true",0.72,2,0.62531,0.954,7.0,5475,-929293834,0.911,122.0,387.0,23.52147,3.41952,0.8,3650
192,"false","false","true","false",0.5,"CRE",7.60197,1.23279,0.206,"true",0.9,2,0.62531,0.954,7.0,5475,-929262193,0.911,122.0,387.0,23.52147,3.41952,0.8,3650
210,"false","false","true","false",0.5,"CRE",7.60197,1.23279,0.206,"true",0.07,3,0.62531,0.954,7.0,5475,-929210214,0.911,122.0,387.0,23.52147,3.41952,0.8,3650
228,"false","false","true","false",0.5,"CRE",7.60197,1.23279,0.206,"true",0.25,3,0.62531,0.954,7.0,5475,-929182978,0.911,122.0,387.0,23.52147,3.41952,0.8,3650
246,"false","false","true","false",0.5,"CRE",7.60197,1.23279,0.206,"true",0.43,3,0.62531,0.954,7.0,5475,-929146663,0.911,122.0,387.0,23.52147,3.41952,0.8,3650
264,"false","false","true","false",0.5,"CRE",7.60197,1.23279,0.206,"true",0.61,3,0.62531,0.954,7.0,5475,-929112434,0.911,122.0,387.0,23.52147,3.41952,0.8,3650
282,"false","false","true","false",0.5,"CRE",7.60197,1.23279,0.206,"true",0.79,3,0.62531,0.954,7.0,5475,-929071130,0.911,122.0,387.0,23.52147,3.41952,0.8,3650
300,"false","false","true","false",0.5,"CRE",7.60197,1.23279,0.206,"true",0.97,3,0.62531,0.954,7.0,5475,-929029889,0.911,122.0,387.0,23.52147,3.41952,0.8,3650
318,"false","false","true","false",0.5,"CRE",7.60197,1.23279,0.206,"true",0.14,4,0.62531,0.954,7.0,5475,-928979944,0.911,122.0,387.0,23.52147,3.41952,0.8,3650
336,"false","false","true","false",0.5,"CRE",7.60197,1.23279,0.206,"true",0.32,4,0.62531,0.954,7.0,5475,-928940191,0.911,122.0,387.0,23.52147,3.41952,0.8,3650
354,"false","false","true","false",0.5,"CRE",7.60197,1.23279,0.206,"true",0.5,4,0.62531,0.954,7.0,5475,-928906437,0.911,122.0,387.0,23.52147,3.41952,0.8,3650
372,"false","false","true","false",0.5,"CRE",7.60197,1.23279,0.206,"true",0.68,4,0.62531,0.954,7.0,5475,-928861585,0.911,122.0,387.0,23.52147,3.41952,0.8,3650
390,"false","false","true","false",0.5,"CRE",7.60197,1.23279,0.206,"true",0.86,4,0.62531,0.954,7.0,5475,-928821294,0.911,122.0,387.0,23.52147,3.41952,0.8,3650
13,"false","false","true","false",0.5,"CRE",7.60197,1.23279,0.206,"true",0.12,1,0.62531,0.954,7.0,5475,-929611101,0.911,122.0,387.0,23.52147,3.41952,0.8,3650
31,"false","false","true","false",0.5,"CRE",7.60197,1.23279,0.206,"true",0.3,1,0.62531,0.954,7.0,5475,-929558607,0.911,122.0,387.0,23.52147,3.41952,0.8,3650
49,"false","false","true","false",0.5,"CRE",7.60197,1.23279,0.206,"true",0.48,1,0.62531,0.954,7.0,5475,-929523086,0.911,122.0,387.0,23.52147,3.41952,0.8,3650
67,"false","false","true","false",0.5,"CRE",7.60197,1.23279,0.206,"true",0.66,1,0.62531,0.954,7.0,5475,-929485950,0.911,122.0,387.0,23.52147,3.41952,0.8,3650
85,"false","false","true","false",0.5,"CRE",7.60197,1.23279,0.206,"true",0.84,1,0.62531,0.954,7.0,5475,-929438277,0.911,122.0,387.0,23.52147,3.41952,0.8,3650
103,"false","false","true","false",0.5,"CRE",7.60197,1.23279,0.206,"true",0.01,2,0.62531,0.954,7.0,5475,-929391903,0.911,122.0,387.0,23.52147,3.41952,0.8,3650
121,"false","false","true","false",0.5,"CRE",7.60197,1.23279,0.206,"true",0.19,2,0.62531,0.954,7.0,5475,-929387907,0.911,122.0,387.0,23.52147,3.41952,0.8,3650
139,"false","false","true","false",0.5,"CRE",7.60197,1.23279,0.206,"true",0.37,2,0.62531,0.954,7.0,5475,-929339105,0.911,122.0,387.0,23.52147,3.41952,0.8,3650
157,"false","false","true","false",0.5,"CRE",7.60197,1.23279,0.206,"true",0.55,2,0.62531,0.954,7.0,5475,-929295055,0.911,122.0,387.0,23.52147,3.41952,0.8,3650
175,"false","false","true","false",0.5,"CRE",7.60197,1.23279,0.206,"true",0.73,2,0.62531,0.954,7.0,5475,-929256575,0.911,122.0,387.0,23.52147,3.41952,0.8,3650
193,"false","false","true","false",0.5,"CRE",7.60197,1.23279,0.206,"true",0.91,2,0.62531,0.954,7.0,5475,-929212791,0.911,122.0,387.0,23.52147,3.41952,0.8,3650
211,"false","false","true","false",0.5,"CRE",7.60197,1.23279,0.206,"true",0.08,3,0.62531,0.954,7.0,5475,-929150536,0.911,122.0,387.0,23.52147,3.41952,0.8,3650
229,"false","false","true","false",0.5,"CRE",7.60197,1.23279,0.206,"true",0.26,3,0.62531,0.954,7.0,5475,-929119237,0.911,122.0,387.0,23.52147,3.41952,0.8,3650
247,"false","false","true","false",0.5,"CRE",7.60197,1.23279,0.206,"true",0.44,3,0.62531,0.954,7.0,5475,-929077730,0.911,122.0,387.0,23.52147,3.41952,0.8,3650
265,"false","false","true","false",0.5,"CRE",7.60197,1.23279,0.206,"true",0.62,3,0.62531,0.954,7.0,5475,-929046505,0.911,122.0,387.0,23.52147,3.41952,0.8,3650
283,"false","false","true","false",0.5,"CRE",7.60197,1.23279,0.206,"true",0.8,3,0.62531,0.954,7.0,5475,-929006223,0.911,122.0,387.0,23.52147,3.41952,0.8,3650
301,"false","false","true","false",0.5,"CRE",7.60197,1.23279,0.206,"true",0.98,3,0.62531,0.954,7.0,5475,-928956938,0.911,122.0,387.0,23.52147,3.41952,0.8,3650
319,"false","false","true","false",0.5,"CRE",7.60197,1.23279,0.206,"true",0.15,4,0.62531,0.954,7.0,5475,-928911779,0.911,122.0,387.0,23.52147,3.41952,0.8,3650
337,"false","false","true","false",0.5,"CRE",7.60197,1.23279,0.206,"true",0.33,4,0.62531,0.954,7.0,5475,-928870064,0.911,122.0,387.0,23.52147,3.41952,0.8,3650
355,"false","false","true","false",0.5,"CRE",7.60197,1.23279,0.206,"true",0.51,4,0.62531,0.954,7.0,5475,-928830192,0.911,122.0,387.0,23.52147,3.41952,0.8,3650
373,"false","false","true","false",0.5,"CRE",7.60197,1.23279,0.206,"true",0.69,4,0.62531,0.954,7.0,5475,-928791703,0.911,122.0,387.0,23.52147,3.41952,0.8,3650
391,"false","false","true","false",0.5,"CRE",7.60197,1.23279,0.206,"true",0.87,4,0.62531,0.954,7.0,5475,-928748044,0.911,122.0,387.0,23.52147,3.41952,0.8,3650
14,"false","false","true","false",0.5,"CRE",7.60197,1.23279,0.206,"true",0.13,1,0.62531,0.954,7.0,5475,-929610972,0.911,122.0,387.0,23.52147,3.41952,0.8,3650
32,"false","false","true","false",0.5,"CRE",7.60197,1.23279,0.206,"true",0.31,1,0.62531,0.954,7.0,5475,-929555949,0.911,122.0,387.0,23.52147,3.41952,0.8,3650
50,"false","false","true","false",0.5,"CRE",7.60197,1.23279,0.206,"true",0.49,1,0.62531,0.954,7.0,5475,-929514256,0.911,122.0,387.0,23.52147,3.41952,0.8,3650
68,"false","false","true","false",0.5,"CRE",7.60197,1.23279,0.206,"true",0.67,1,0.62531,0.954,7.0,5475,-929477346,0.911,122.0,387.0,23.52147,3.41952,0.8,3650
86,"false","false","true","false",0.5,"CRE",7.60197,1.23279,0.206,"true",0.85,1,0.62531,0.954,7.0,5475,-929440879,0.911,122.0,387.0,23.52147,3.41952,0.8,3650
104,"false","false","true","false",0.5,"CRE",7.60197,1.23279,0.206,"true",0.02,2,0.62531,0.954,7.0,5475,-929390207,0.911,122.0,387.0,23.52147,3.41952,0.8,3650
122,"false","false","true","false",0.5,"CRE",7.60197,1.23279,0.206,"true",0.2,2,0.62531,0.954,7.0,5475,-929383476,0.911,122.0,387.0,23.52147,3.41952,0.8,3650
140,"false","false","true","false",0.5,"CRE",7.60197,1.23279,0.206,"true",0.38,2,0.62531,0.954,7.0,5475,-929342605,0.911,122.0,387.0,23.52147,3.41952,0.8,3650
158,"false","false","true","false",0.5,"CRE",7.60197,1.23279,0.206,"true",0.56,2,0.62531,0.954,7.0,5475,-929303377,0.911,122.0,387.0,23.52147,3.41952,0.8,3650
176,"false","false","true","false",0.5,"CRE",7.60197,1.23279,0.206,"true",0.74,2,0.62531,0.954,7.0,5475,-929262335,0.911,122.0,387.0,23.52147,3.41952,0.8,3650
194,"false","false","true","false",0.5,"CRE",7.60197,1.23279,0.206,"true",0.92,2,0.62531,0.954,7.0,5475,-929214721,0.911,122.0,387.0,23.52147,3.41952,0.8,3650
212,"false","false","true","false",0.5,"CRE",7.60197,1.23279,0.206,"true",0.09,3,0.62531,0.954,7.0,5475,-929158521,0.911,122.0,387.0,23.52147,3.41952,0.8,3650
230,"false","false","true","false",0.5,"CRE",7.60197,1.23279,0.206,"true",0.27,3,0.62531,0.954,7.0,5475,-929124764,0.911,122.0,387.0,23.52147,3.41952,0.8,3650
248,"false","false","true","false",0.5,"CRE",7.60197,1.23279,0.206,"true",0.45,3,0.62531,0.954,7.0,5475,-929090369,0.911,122.0,387.0,23.52147,3.41952,0.8,3650
266,"false","false","true","false",0.5,"CRE",7.60197,1.23279,0.206,"true",0.63,3,0.62531,0.954,7.0,5475,-929057543,0.911,122.0,387.0,23.52147,3.41952,0.8,3650
284,"false","false","true","false",0.5,"CRE",7.60197,1.23279,0.206,"true",0.81,3,0.62531,0.954,7.0,5475,-929022448,0.911,122.0,387.0,23.52147,3.41952,0.8,3650
302,"false","false","true","false",0.5,"CRE",7.60197,1.23279,0.206,"true",0.99,3,0.62531,0.954,7.0,5475,-928977996,0.911,122.0,387.0,23.52147,3.41952,0.8,3650
320,"false","false","true","false",0.5,"CRE",7.60197,1.23279,0.206,"true",0.16,4,0.62531,0.954,7.0,5475,-928932339,0.911,122.0,387.0,23.52147,3.41952,0.8,3650
338,"false","false","true","false",0.5,"CRE",7.60197,1.23279,0.206,"true",0.34,4,0.62531,0.954,7.0,5475,-928887232,0.911,122.0,387.0,23.52147,3.41952,0.8,3650
356,"false","false","true","false",0.5,"CRE",7.60197,1.23279,0.206,"true",0.52,4,0.62531,0.954,7.0,5475,-928855519,0.911,122.0,387.0,23.52147,3.41952,0.8,3650
374,"false","false","true","false",0.5,"CRE",7.60197,1.23279,0.206,"true",0.7,4,0.62531,0.954,7.0,5475,-928819201,0.911,122.0,387.0,23.52147,3.41952,0.8,3650
392,"false","false","true","false",0.5,"CRE",7.60197,1.23279,0.206,"true",0.88,4,0.62531,0.954,7.0,5475,-928782563,0.911,122.0,387.0,23.52147,3.41952,0.8,3650
15,"false","false","true","false",0.5,"CRE",7.60197,1.23279,0.206,"true",0.14,1,0.62531,0.954,7.0,5475,-929611096,0.911,122.0,387.0,23.52147,3.41952,0.8,3650
33,"false","false","true","false",0.5,"CRE",7.60197,1.23279,0.206,"true",0.32,1,0.62531,0.954,7.0,5475,-929569173,0.911,122.0,387.0,23.52147,3.41952,0.8,3650
51,"false","false","true","false",0.5,"CRE",7.60197,1.23279,0.206,"true",0.5,1,0.62531,0.954,7.0,5475,-929533718,0.911,122.0,387.0,23.52147,3.41952,0.8,3650
69,"false","false","true","false",0.5,"CRE",7.60197,1.23279,0.206,"true",0.68,1,0.62531,0.954,7.0,5475,-929491461,0.911,122.0,387.0,23.52147,3.41952,0.8,3650
87,"false","false","true","false",0.5,"CRE",7.60197,1.23279,0.206,"true",0.86,1,0.62531,0.954,7.0,5475,-929452266,0.911,122.0,387.0,23.52147,3.41952,0.8,3650
105,"false","false","true","false",0.5,"CRE",7.60197,1.23279,0.206,"true",0.03,2,0.62531,0.954,7.0,5475,-929412989,0.911,122.0,387.0,23.52147,3.41952,0.8,3650
123,"false","false","true","false",0.5,"CRE",7.60197,1.23279,0.206,"true",0.21,2,0.62531,0.954,7.0,5475,-929403004,0.911,122.0,387.0,23.52147,3.41952,0.8,3650
141,"false","false","true","false",0.5,"CRE",7.60197,1.23279,0.206,"true",0.39,2,0.62531,0.954,7.0,5475,-929365745,0.911,122.0,387.0,23.52147,3.41952,0.8,3650
159,"false","false","true","false",0.5,"CRE",7.60197,1.23279,0.206,"true",0.57,2,0.62531,0.954,7.0,5475,-929331607,0.911,122.0,387.0,23.52147,3.41952,0.8,3650
177,"false","false","true","false",0.5,"CRE",7.60197,1.23279,0.206,"true",0.75,2,0.62531,0.954,7.0,5475,-929293515,0.911,122.0,387.0,23.52147,3.41952,0.8,3650
195,"false","false","true","false",0.5,"CRE",7.60197,1.23279,0.206,"true",0.93,2,0.62531,0.954,7.0,5475,-929249387,0.911,122.0,387.0,23.52147,3.41952,0.8,3650
213,"false","false","true","false",0.5,"CRE",7.60197,1.23279,0.206,"true",0.1,3,0.62531,0.954,7.0,5475,-929205457,0.911,122.0,387.0,23.52147,3.41952,0.8,3650
231,"false","false","true","false",0.5,"CRE",7.60197,1.23279,0.206,"true",0.28,3,0.62531,0.954,7.0,5475,-929170624,0.911,122.0,387.0,23.52147,3.41952,0.8,3650
249,"false","false","true","false",0.5,"CRE",7.60197,1.23279,0.206,"true",0.46,3,0.62531,0.954,7.0,5475,-929135181,0.911,122.0,387.0,23.52147,3.41952,0.8,3650
267,"false","false","true","false",0.5,"CRE",7.60197,1.23279,0.206,"true",0.64,3,0.62531,0.954,7.0,5475,-929098309,0.911,122.0,387.0,23.52147,3.41952,0.8,3650
285,"false","false","true","false",0.5,"CRE",7.60197,1.23279,0.206,"true",0.82,3,0.62531,0.954,7.0,5475,-929058993,0.911,122.0,387.0,23.52147,3.41952,0.8,3650
303,"false","false","true","false",0.5,"CRE",7.60197,1.23279,0.206,"true",1.0,3,0.62531,0.954,7.0,5475,-929021491,0.911,122.0,387.0,23.52147,3.41952,0.8,3650
321,"false","false","true","false",0.5,"CRE",7.60197,1.23279,0.206,"true",0.17,4,0.62531,0.954,7.0,5475,-928965470,0.911,122.0,387.0,23.52147,3.41952,0.8,3650
339,"false","false","true","false",0.5,"CRE",7.60197,1.23279,0.206,"true",0.35,4,0.62531,0.954,7.0,5475,-928925630,0.911,122.0,387.0,23.52147,3.41952,0.8,3650
357,"false","false","true","false",0.5,"CRE",7.60197,1.23279,0.206,"true",0.53,4,0.62531,0.954,7.0,5475,-928883083,0.911,122.0,387.0,23.52147,3.41952,0.8,3650
375,"false","false","true","false",0.5,"CRE",7.60197,1.23279,0.206,"true",0.71,4,0.62531,0.954,7.0,5475,-928847047,0.911,122.0,387.0,23.52147,3.41952,0.8,3650
393,"false","false","true","false",0.5,"CRE",7.60197,1.23279,0.206,"true",0.89,4,0.62531,0.954,7.0,5475,-928801380,0.911,122.0,387.0,23.52147,3.41952,0.8,3650
16,"false","false","true","false",0.5,"CRE",7.60197,1.23279,0.206,"true",0.15,1,0.62531,0.954,7.0,5475,-929610733,0.911,122.0,387.0,23.52147,3.41952,0.8,3650
34,"false","false","true","false",0.5,"CRE",7.60197,1.23279,0.206,"true",0.33,1,0.62531,0.954,7.0,5475,-929564937,0.911,122.0,387.0,23.52147,3.41952,0.8,3650
52,"false","false","true","false",0.5,"CRE",7.60197,1.23279,0.206,"true",0.51,1,0.62531,0.954,7.0,5475,-929533079,0.911,122.0,387.0,23.52147,3.41952,0.8,3650
70,"false","false","true","false",0.5,"CRE",7.60197,1.23279,0.206,"true",0.69,1,0.62531,0.954,7.0,5475,-929503678,0.911,122.0,387.0,23.52147,3.41952,0.8,3650
88,"false","false","true","false",0.5,"CRE",7.60197,1.23279,0.206,"true",0.87,1,0.62531,0.954,7.0,5475,-929454786,0.911,122.0,387.0,23.52147,3.41952,0.8,3650
106,"false","false","true","false",0.5,"CRE",7.60197,1.23279,0.206,"true",0.04,2,0.62531,0.954,7.0,5475,-929411434,0.911,122.0,387.0,23.52147,3.41952,0.8,3650
124,"false","false","true","false",0.5,"CRE",7.60197,1.23279,0.206,"true",0.22,2,0.62531,0.954,7.0,5475,-929396109,0.911,122.0,387.0,23.52147,3.41952,0.8,3650
142,"false","false","true","false",0.5,"CRE",7.60197,1.23279,0.206,"true",0.4,2,0.62531,0.954,7.0,5475,-929349863,0.911,122.0,387.0,23.52147,3.41952,0.8,3650
160,"false","false","true","false",0.5,"CRE",7.60197,1.23279,0.206,"true",0.58,2,0.62531,0.954,7.0,5475,-929317253,0.911,122.0,387.0,23.52147,3.41952,0.8,3650
178,"false","false","true","false",0.5,"CRE",7.60197,1.23279,0.206,"true",0.76,2,0.62531,0.954,7.0,5475,-929287369,0.911,122.0,387.0,23.52147,3.41952,0.8,3650
196,"false","false","true","false",0.5,"CRE",7.60197,1.23279,0.206,"true",0.94,2,0.62531,0.954,7.0,5475,-929253085,0.911,122.0,387.0,23.52147,3.41952,0.8,3650
214,"false","false","true","false",0.5,"CRE",7.60197,1.23279,0.206,"true",0.11,3,0.62531,0.954,7.0,5475,-929206806,0.911,122.0,387.0,23.52147,3.41952,0.8,3650
232,"false","false","true","false",0.5,"CRE",7.60197,1.23279,0.206,"true",0.29,3,0.62531,0.954,7.0,5475,-929169953,0.911,122.0,387.0,23.52147,3.41952,0.8,3650
250,"false","false","true","false",0.5,"CRE",7.60197,1.23279,0.206,"true",0.47,3,0.62531,0.954,7.0,5475,-929138355,0.911,122.0,387.0,23.52147,3.41952,0.8,3650
268,"false","false","true","false",0.5,"CRE",7.60197,1.23279,0.206,"true",0.65,3,0.62531,0.954,7.0,5475,-929094734,0.911,122.0,387.0,23.52147,3.41952,0.8,3650
286,"false","false","true","false",0.5,"CRE",7.60197,1.23279,0.206,"true",0.83,3,0.62531,0.954,7.0,5475,-929061315,0.911,122.0,387.0,23.52147,3.41952,0.8,3650
304,"false","false","true","false",0.5,"CRE",7.60197,1.23279,0.206,"true",0.0,4,0.62531,0.954,7.0,5475,-929015437,0.911,122.0,387.0,23.52147,3.41952,0.8,3650
322,"false","false","true","false",0.5,"CRE",7.60197,1.23279,0.206,"true",0.18,4,0.62531,0.954,7.0,5475,-929014307,0.911,122.0,387.0,23.52147,3.41952,0.8,3650
340,"false","false","true","false",0.5,"CRE",7.60197,1.23279,0.206,"true",0.36,4,0.62531,0.954,7.0,5475,-928967791,0.911,122.0,387.0,23.52147,3.41952,0.8,3650
358,"false","false","true","false",0.5,"CRE",7.60197,1.23279,0.206,"true",0.54,4,0.62531,0.954,7.0,5475,-928935186,0.911,122.0,387.0,23.52147,3.41952,0.8,3650
376,"false","false","true","false",0.5,"CRE",7.60197,1.23279,0.206,"true",0.72,4,0.62531,0.954,7.0,5475,-928904644,0.911,122.0,387.0,23.52147,3.41952,0.8,3650
394,"false","false","true","false",0.5,"CRE",7.60197,1.23279,0.206,"true",0.9,4,0.62531,0.954,7.0,5475,-928861264,0.911,122.0,387.0,23.52147,3.41952,0.8,3650
17,"false","false","true","false",0.5,"CRE",7.60197,1.23279,0.206,"true",0.16,1,0.62531,0.954,7.0,5475,-929610849,0.911,122.0,387.0,23.52147,3.41952,0.8,3650
35,"false","false","true","false",0.5,"CRE",7.60197,1.23279,0.206,"true",0.34,1,0.62531,0.954,7.0,5475,-929559153,0.911,122.0,387.0,23.52147,3.41952,0.8,3650
53,"false","false","true","false",0.5,"CRE",7.60197,1.23279,0.206,"true",0.52,1,0.62531,0.954,7.0,5475,-929523104,0.911,122.0,387.0,23.52147,3.41952,0.8,3650
71,"false","false","true","false",0.5,"CRE",7.60197,1.23279,0.206,"true",0.7,1,0.62531,0.954,7.0,5475,-929489611,0.911,122.0,387.0,23.52147,3.41952,0.8,3650
89,"false","false","true","false",0.5,"CRE",7.60197,1.23279,0.206,"true",0.88,1,0.62531,0.954,7.0,5475,-929445413,0.911,122.0,387.0,23.52147,3.41952,0.8,3650
107,"false","false","true","false",0.5,"CRE",7.60197,1.23279,0.206,"true",0.05,2,0.62531,0.954,7.0,5475,-929409931,0.911,122.0,387.0,23.52147,3.41952,0.8,3650
125,"false","false","true","false",0.5,"CRE",7.60197,1.23279,0.206,"true",0.23,2,0.62531,0.954,7.0,5475,-929388099,0.911,122.0,387.0,23.52147,3.41952,0.8,3650
143,"false","false","true","false",0.5,"CRE",7.60197,1.23279,0.206,"true",0.41,2,0.62531,0.954,7.0,5475,-929343246,0.911,122.0,387.0,23.52147,3.41952,0.8,3650
161,"false","false","true","false",0.5,"CRE",7.60197,1.23279,0.206,"true",0.59,2,0.62531,0.954,7.0,5475,-929310957,0.911,122.0,387.0,23.52147,3.41952,0.8,3650
179,"false","false","true","false",0.5,"CRE",7.60197,1.23279,0.206,"true",0.77,2,0.62531,0.954,7.0,5475,-929277622,0.911,122.0,387.0,23.52147,3.41952,0.8,3650
197,"false","false","true","false",0.5,"CRE",7.60197,1.23279,0.206,"true",0.95,2,0.62531,0.954,7.0,5475,-929242184,0.911,122.0,387.0,23.52147,3.41952,0.8,3650
215,"false","false","true","false",0.5,"CRE",7.60197,1.23279,0.206,"true",0.12,3,0.62531,0.954,7.0,5475,-929195055,0.911,122.0,387.0,23.52147,3.41952,0.8,3650
233,"false","false","true","false",0.5,"CRE",7.60197,1.23279,0.206,"true",0.3,3,0.62531,0.954,7.0,5475,-929156891,0.911,122.0,387.0,23.52147,3.41952,0.8,3650
251,"false","false","true","false",0.5,"CRE",7.60197,1.23279,0.206,"true",0.48,3,0.62531,0.954,7.0,5475,-929116381,0.911,122.0,387.0,23.52147,3.41952,0.8,3650
269,"false","false","true","false",0.5,"CRE",7.60197,1.23279,0.206,"true",0.66,3,0.62531,0.954,7.0,5475,-929078595,0.911,122.0,387.0,23.52147,3.41952,0.8,3650
287,"false","false","true","false",0.5,"CRE",7.60197,1.23279,0.206,"true",0.84,3,0.62531,0.954,7.0,5475,-929046383,0.911,122.0,387.0,23.52147,3.41952,0.8,3650
305,"false","false","true","false",0.5,"CRE",7.60197,1.23279,0.206,"true",0.01,4,0.62531,0.954,7.0,5475,-928992620,0.911,122.0,387.0,23.52147,3.41952,0.8,3650
323,"false","false","true","false",0.5,"CRE",7.60197,1.23279,0.206,"true",0.19,4,0.62531,0.954,7.0,5475,-928988548,0.911,122.0,387.0,23.52147,3.41952,0.8,3650
341,"false","false","true","false",0.5,"CRE",7.60197,1.23279,0.206,"true",0.37,4,0.62531,0.954,7.0,5475,-928952838,0.911,122.0,387.0,23.52147,3.41952,0.8,3650
359,"false","false","true","false",0.5,"CRE",7.60197,1.23279,0.206,"true",0.55,4,0.62531,0.954,7.0,5475,-928910642,0.911,122.0,387.0,23.52147,3.41952,0.8,3650
377,"false","false","true","false",0.5,"CRE",7.60197,1.23279,0.206,"true",0.73,4,0.62531,0.954,7.0,5475,-928870662,0.911,122.0,387.0,23.52147,3.41952,0.8,3650
395,"false","false","true","false",0.5,"CRE",7.60197,1.23279,0.206,"true",0.91,4,0.62531,0.954,7.0,5475,-928824133,0.911,122.0,387.0,23.52147,3.41952,0.8,3650
18,"false","false","true","false",0.5,"CRE",7.60197,1.23279,0.206,"true",0.17,1,0.62531,0.954,7.0,5475,-929610445,0.911,122.0,387.0,23.52147,3.41952,0.8,3650
36,"false","false","true","false",0.5,"CRE",7.60197,1.23279,0.206,"true",0.35,1,0.62531,0.954,7.0,5475,-929560405,0.911,122.0,387.0,23.52147,3.41952,0.8,3650
54,"false","false","true","false",0.5,"CRE",7.60197,1.23279,0.206,"true",0.53,1,0.62531,0.954,7.0,5475,-929527233,0.911,122.0,387.0,23.52147,3.41952,0.8,3650
72,"false","false","true","false",0.5,"CRE",7.60197,1.23279,0.206,"true",0.71,1,0.62531,0.954,7.0,5475,-929488739,0.911,122.0,387.0,23.52147,3.41952,0.8,3650
90,"false","false","true","false",0.5,"CRE",7.60197,1.23279,0.206,"true",0.89,1,0.62531,0.954,7.0,5475,-929443516,0.911,122.0,387.0,23.52147,3.41952,0.8,3650
108,"false","false","true","false",0.5,"CRE",7.60197,1.23279,0.206,"true",0.06,2,0.62531,0.954,7.0,5475,-929398109,0.911,122.0,387.0,23.52147,3.41952,0.8,3650
126,"false","false","true","false",0.5,"CRE",7.60197,1.23279,0.206,"true",0.24,2,0.62531,0.954,7.0,5475,-929372995,0.911,122.0,387.0,23.52147,3.41952,0.8,3650
144,"false","false","true","false",0.5,"CRE",7.60197,1.23279,0.206,"true",0.42,2,0.62531,0.954,7.0,5475,-929333467,0.911,122.0,387.0,23.52147,3.41952,0.8,3650
162,"false","false","true","false",0.5,"CRE",7.60197,1.23279,0.206,"true",0.6,2,0.62531,0.954,7.0,5475,-929293737,0.911,122.0,387.0,23.52147,3.41952,0.8,3650
180,"false","false","true","false",0.5,"CRE",7.60197,1.23279,0.206,"true",0.78,2,0.62531,0.954,7.0,5475,-929258255,0.911,122.0,387.0,23.52147,3.41952,0.8,3650
198,"false","false","true","false",0.5,"CRE",7.60197,1.23279,0.206,"true",0.96,2,0.62531,0.954,7.0,5475,-929217497,0.911,122.0,387.0,23.52147,3.41952,0.8,3650
216,"false","false","true","false",0.5,"CRE",7.60197,1.23279,0.206,"true",0.13,3,0.62531,0.954,7.0,5475,-929171144,0.911,122.0,387.0,23.52147,3.41952,0.8,3650
234,"false","false","true","false",0.5,"CRE",7.60197,1.23279,0.206,"true",0.31,3,0.62531,0.954,7.0,5475,-929136071,0.911,122.0,387.0,23.52147,3.41952,0.8,3650
252,"false","false","true","false",0.5,"CRE",7.60197,1.23279,0.206,"true",0.49,3,0.62531,0.954,7.0,5475,-929102190,0.911,122.0,387.0,23.52147,3.41952,0.8,3650
270,"false","false","true","false",0.5,"CRE",7.60197,1.23279,0.206,"true",0.67,3,0.62531,0.954,7.0,5475,-929056049,0.911,122.0,387.0,23.52147,3.41952,0.8,3650
288,"false","false","true","false",0.5,"CRE",7.60197,1.23279,0.206,"true",0.85,3,0.62531,0.954,7.0,5475,-929011585,0.911,122.0,387.0,23.52147,3.41952,0.8,3650
306,"false","false","true","false",0.5,"CRE",7.60197,1.23279,0.206,"true",0.02,4,0.62531,0.954,7.0,5475,-928969763,0.911,122.0,387.0,23.52147,3.41952,0.8,3650
324,"false","false","true","false",0.5,"CRE",7.60197,1.23279,0.206,"true",0.2,4,0.62531,0.954,7.0,5475,-928963354,0.911,122.0,387.0,23.52147,3.41952,0.8,3650
342,"false","false","true","false",0.5,"CRE",7.60197,1.23279,0.206,"true",0.38,4,0.62531,0.954,7.0,5475,-928920120,0.911,122.0,387.0,23.52147,3.41952,0.8,3650
360,"false","false","true","false",0.5,"CRE",7.60197,1.23279,0.206,"true",0.56,4,0.62531,0.954,7.0,5475,-928889129,0.911,122.0,387.0,23.52147,3.41952,0.8,3650
378,"false","false","true","false",0.5,"CRE",7.60197,1.23279,0.206,"true",0.74,4,0.62531,0.954,7.0,5475,-928850442,0.911,122.0,387.0,23.52147,3.41952,0.8,3650
396,"false","false","true","false",0.5,"CRE",7.60197,1.23279,0.206,"true",0.92,4,0.62531,0.954,7.0,5475,-928805624,0.911,122.0,387.0,23.52147,3.41952,0.8,3650
2,"false","false","true","false",0.5,"CRE",7.60197,1.23279,0.206,"true",0.01,1,0.62531,0.954,7.0,5475,-929614861,0.911,122.0,387.0,23.52147,3.41952,0.8,3650
20,"false","false","true","false",0.5,"CRE",7.60197,1.23279,0.206,"true",0.19,1,0.62531,0.954,7.0,5475,-929604727,0.911,122.0,387.0,23.52147,3.41952,0.8,3650
38,"false","false","true","false",0.5,"CRE",7.60197,1.23279,0.206,"true",0.37,1,0.62531,0.954,7.0,5475,-929564151,0.911,122.0,387.0,23.52147,3.41952,0.8,3650
56,"false","false","true","false",0.5,"CRE",7.60197,1.23279,0.206,"true",0.55,1,0.62531,0.954,7.0,5475,-929531884,0.911,122.0,387.0,23.52147,3.41952,0.8,3650
74,"false","false","true","false",0.5,"CRE",7.60197,1.23279,0.206,"true",0.73,1,0.62531,0.954,7.0,5475,-929491325,0.911,122.0,387.0,23.52147,3.41952,0.8,3650
92,"false","false","true","false",0.5,"CRE",7.60197,1.23279,0.206,"true",0.91,1,0.62531,0.954,7.0,5475,-929447667,0.911,122.0,387.0,23.52147,3.41952,0.8,3650
110,"false","false","true","false",0.5,"CRE",7.60197,1.23279,0.206,"true",0.08,2,0.62531,0.954,7.0,5475,-929397002,0.911,122.0,387.0,23.52147,3.41952,0.8,3650
128,"false","false","true","false",0.5,"CRE",7.60197,1.23279,0.206,"true",0.26,2,0.62531,0.954,7.0,5475,-929365963,0.911,122.0,387.0,23.52147,3.41952,0.8,3650
146,"false","false","true","false",0.5,"CRE",7.60197,1.23279,0.206,"true",0.44,2,0.62531,0.954,7.0,5475,-929323552,0.911,122.0,387.0,23.52147,3.41952,0.8,3650
164,"false","false","true","false",0.5,"CRE",7.60197,1.23279,0.206,"true",0.62,2,0.62531,0.954,7.0,5475,-929289661,0.911,122.0,387.0,23.52147,3.41952,0.8,3650
182,"false","false","true","false",0.5,"CRE",7.60197,1.23279,0.206,"true",0.8,2,0.62531,0.954,7.0,5475,-929248018,0.911,122.0,387.0,23.52147,3.41952,0.8,3650
200,"false","false","true","false",0.5,"CRE",7.60197,1.23279,0.206,"true",0.98,2,0.62531,0.954,7.0,5475,-929207555,0.911,122.0,387.0,23.52147,3.41952,0.8,3650
218,"false","false","true","false",0.5,"CRE",7.60197,1.23279,0.206,"true",0.15,3,0.62531,0.954,7.0,5475,-929166948,0.911,122.0,387.0,23.52147,3.41952,0.8,3650
236,"false","false","true","false",0.5,"CRE",7.60197,1.23279,0.206,"true",0.33,3,0.62531,0.954,7.0,5475,-929127625,0.911,122.0,387.0,23.52147,3.41952,0.8,3650
254,"false","false","true","false",0.5,"CRE",7.60197,1.23279,0.206,"true",0.51,3,0.62531,0.954,7.0,5475,-929092135,0.911,122.0,387.0,23.52147,3.41952,0.8,3650
272,"false","false","true","false",0.5,"CRE",7.60197,1.23279,0.206,"true",0.69,3,0.62531,0.954,7.0,5475,-929057785,0.911,122.0,387.0,23.52147,3.41952,0.8,3650
290,"false","false","true","false",0.5,"CRE",7.60197,1.23279,0.206,"true",0.87,3,0.62531,0.954,7.0,5475,-929005080,0.911,122.0,387.0,23.52147,3.41952,0.8,3650
308,"false","false","true","false",0.5,"CRE",7.60197,1.23279,0.206,"true",0.04,4,0.62531,0.954,7.0,5475,-928957170,0.911,122.0,387.0,23.52147,3.41952,0.8,3650
326,"false","false","true","false",0.5,"CRE",7.60197,1.23279,0.206,"true",0.22,4,0.62531,0.954,7.0,5475,-928941893,0.911,122.0,387.0,23.52147,3.41952,0.8,3650
344,"false","false","true","false",0.5,"CRE",7.60197,1.23279,0.206,"true",0.4,4,0.62531,0.954,7.0,5475,-928907932,0.911,122.0,387.0,23.52147,3.41952,0.8,3650
362,"false","false","true","false",0.5,"CRE",7.60197,1.23279,0.206,"true",0.58,4,0.62531,0.954,7.0,5475,-928873663,0.911,122.0,387.0,23.52147,3.41952,0.8,3650
380,"false","false","true","false",0.5,"CRE",7.60197,1.23279,0.206,"true",0.76,4,0.62531,0.954,7.0,5475,-928841342,0.911,122.0,387.0,23.52147,3.41952,0.8,3650
398,"false","false","true","false",0.5,"CRE",7.60197,1.23279,0.206,"true",0.94,4,0.62531,0.954,7.0,5475,-928795900,0.911,122.0,387.0,23.52147,3.41952,0.8,3650
3,"false","false","true","false",0.5,"CRE",7.60197,1.23279,0.206,"true",0.02,1,0.62531,0.954,7.0,5475,-929614096,0.911,122.0,387.0,23.52147,3.41952,0.8,3650
21,"false","false","true","false",0.5,"CRE",7.60197,1.23279,0.206,"true",0.2,1,0.62531,0.954,7.0,5475,-929600877,0.911,122.0,387.0,23.52147,3.41952,0.8,3650
39,"false","false","true","false",0.5,"CRE",7.60197,1.23279,0.206,"true",0.38,1,0.62531,0.954,7.0,5475,-929563039,0.911,122.0,387.0,23.52147,3.41952,0.8,3650
57,"false","false","true","false",0.5,"CRE",7.60197,1.23279,0.206,"true",0.56,1,0.62531,0.954,7.0,5475,-929532692,0.911,122.0,387.0,23.52147,3.41952,0.8,3650
75,"false","false","true","false",0.5,"CRE",7.60197,1.23279,0.206,"true",0.74,1,0.62531,0.954,7.0,5475,-929498041,0.911,122.0,387.0,23.52147,3.41952,0.8,3650
93,"false","false","true","false",0.5,"CRE",7.60197,1.23279,0.206,"true",0.92,1,0.62531,0.954,7.0,5475,-929466752,0.911,122.0,387.0,23.52147,3.41952,0.8,3650
111,"false","false","true","false",0.5,"CRE",7.60197,1.23279,0.206,"true",0.09,2,0.62531,0.954,7.0,5475,-929415365,0.911,122.0,387.0,23.52147,3.41952,0.8,3650
129,"false","false","true","false",0.5,"CRE",7.60197,1.23279,0.206,"true",0.27,2,0.62531,0.954,7.0,5475,-929381417,0.911,122.0,387.0,23.52147,3.41952,0.8,3650
147,"false","false","true","false",0.5,"CRE",7.60197,1.23279,0.206,"true",0.45,2,0.62531,0.954,7.0,5475,-929347694,0.911,122.0,387.0,23.52147,3.41952,0.8,3650
165,"false","false","true","false",0.5,"CRE",7.60197,1.23279,0.206,"true",0.63,2,0.62531,0.954,7.0,5475,-929316350,0.911,122.0,387.0,23.52147,3.41952,0.8,3650
183,"false","false","true","false",0.5,"CRE",7.60197,1.23279,0.206,"true",0.81,2,0.62531,0.954,7.0,5475,-929267352,0.911,122.0,387.0,23.52147,3.41952,0.8,3650
201,"false","false","true","false",0.5,"CRE",7.60197,1.23279,0.206,"true",0.99,2,0.62531,0.954,7.0,5475,-929227188,0.911,122.0,387.0,23.52147,3.41952,0.8,3650
219,"false","false","true","false",0.5,"CRE",7.60197,1.23279,0.206,"true",0.16,3,0.62531,0.954,7.0,5475,-929183950,0.911,122.0,387.0,23.52147,3.41952,0.8,3650
237,"false","false","true","false",0.5,"CRE",7.60197,1.23279,0.206,"true",0.34,3,0.62531,0.954,7.0,5475,-929138573,0.911,122.0,387.0,23.52147,3.41952,0.8,3650
255,"false","false","true","false",0.5,"CRE",7.60197,1.23279,0.206,"true",0.52,3,0.62531,0.954,7.0,5475,-929109877,0.911,122.0,387.0,23.52147,3.41952,0.8,3650
273,"false","false","true","false",0.5,"CRE",7.60197,1.23279,0.206,"true",0.7,3,0.62531,0.954,7.0,5475,-929066315,0.911,122.0,387.0,23.52147,3.41952,0.8,3650
291,"false","false","true","false",0.5,"CRE",7.60197,1.23279,0.206,"true",0.88,3,0.62531,0.954,7.0,5475,-929026055,0.911,122.0,387.0,23.52147,3.41952,0.8,3650
309,"false","false","true","false",0.5,"CRE",7.60197,1.23279,0.206,"true",0.05,4,0.62531,0.954,7.0,5475,-928973473,0.911,122.0,387.0,23.52147,3.41952,0.8,3650
327,"false","false","true","false",0.5,"CRE",7.60197,1.23279,0.206,"true",0.23,4,0.62531,0.954,7.0,5475,-928952603,0.911,122.0,387.0,23.52147,3.41952,0.8,3650
345,"false","false","true","false",0.5,"CRE",7.60197,1.23279,0.206,"true",0.41,4,0.62531,0.954,7.0,5475,-928917356,0.911,122.0,387.0,23.52147,3.41952,0.8,3650
363,"false","false","true","false",0.5,"CRE",7.60197,1.23279,0.206,"true",0.59,4,0.62531,0.954,7.0,5475,-928888608,0.911,122.0,387.0,23.52147,3.41952,0.8,3650
381,"false","false","true","false",0.5,"CRE",7.60197,1.23279,0.206,"true",0.77,4,0.62531,0.954,7.0,5475,-928851006,0.911,122.0,387.0,23.52147,3.41952,0.8,3650
399,"false","false","true","false",0.5,"CRE",7.60197,1.23279,0.206,"true",0.95,4,0.62531,0.954,7.0,5475,-928808263,0.911,122.0,387.0,23.52147,3.41952,0.8,3650
4,"false","false","true","false",0.5,"CRE",7.60197,1.23279,0.206,"true",0.03,1,0.62531,0.954,7.0,5475,-929614143,0.911,122.0,387.0,23.52147,3.41952,0.8,3650
22,"false","false","true","false",0.5,"CRE",7.60197,1.23279,0.206,"true",0.21,1,0.62531,0.954,7.0,5475,-929597478,0.911,122.0,387.0,23.52147,3.41952,0.8,3650
40,"false","false","true","false",0.5,"CRE",7.60197,1.23279,0.206,"true",0.39,1,0.62531,0.954,7.0,5475,-929555425,0.911,122.0,387.0,23.52147,3.41952,0.8,3650
58,"false","false","true","false",0.5,"CRE",7.60197,1.23279,0.206,"true",0.57,1,0.62531,0.954,7.0,5475,-929517504,0.911,122.0,387.0,23.52147,3.41952,0.8,3650
76,"false","false","true","false",0.5,"CRE",7.60197,1.23279,0.206,"true",0.75,1,0.62531,0.954,7.0,5475,-929482546,0.911,122.0,387.0,23.52147,3.41952,0.8,3650
94,"false","false","true","false",0.5,"CRE",7.60197,1.23279,0.206,"true",0.93,1,0.62531,0.954,7.0,5475,-929441139,0.911,122.0,387.0,23.52147,3.41952,0.8,3650
112,"false","false","true","false",0.5,"CRE",7.60197,1.23279,0.206,"true",0.1,2,0.62531,0.954,7.0,5475,-929401083,0.911,122.0,387.0,23.52147,3.41952,0.8,3650
130,"false","false","true","false",0.5,"CRE",7.60197,1.23279,0.206,"true",0.28,2,0.62531,0.954,7.0,5475,-929361303,0.911,122.0,387.0,23.52147,3.41952,0.8,3650
148,"false","false","true","false",0.5,"CRE",7.60197,1.23279,0.206,"true",0.46,2,0.62531,0.954,7.0,5475,-929327058,0.911,122.0,387.0,23.52147,3.41952,0.8,3650
166,"false","false","true","false",0.5,"CRE",7.60197,1.23279,0.206,"true",0.64,2,0.62531,0.954,7.0,5475,-929282542,0.911,122.0,387.0,23.52147,3.41952,0.8,3650
184,"false","false","true","false",0.5,"CRE",7.60197,1.23279,0.206,"true",0.82,2,0.62531,0.954,7.0,5475,-929237983,0.911,122.0,387.0,23.52147,3.41952,0.8,3650
202,"false","false","true","false",0.5,"CRE",7.60197,1.23279,0.206,"true",1.0,2,0.62531,0.954,7.0,5475,-929188390,0.911,122.0,387.0,23.52147,3.41952,0.8,3650
220,"false","false","true","false",0.5,"CRE",7.60197,1.23279,0.206,"true",0.17,3,0.62531,0.954,7.0,5475,-929149339,0.911,122.0,387.0,23.52147,3.41952,0.8,3650
238,"false","false","true","false",0.5,"CRE",7.60197,1.23279,0.206,"true",0.35,3,0.62531,0.954,7.0,5475,-929103157,0.911,122.0,387.0,23.52147,3.41952,0.8,3650
256,"false","false","true","false",0.5,"CRE",7.60197,1.23279,0.206,"true",0.53,3,0.62531,0.954,7.0,5475,-929065829,0.911,122.0,387.0,23.52147,3.41952,0.8,3650
274,"false","false","true","false",0.5,"CRE",7.60197,1.23279,0.206,"true",0.71,3,0.62531,0.954,7.0,5475,-929028272,0.911,122.0,387.0,23.52147,3.41952,0.8,3650
292,"false","false","true","false",0.5,"CRE",7.60197,1.23279,0.206,"true",0.89,3,0.62531,0.954,7.0,5475,-928982638,0.911,122.0,387.0,23.52147,3.41952,0.8,3650
310,"false","false","true","false",0.5,"CRE",7.60197,1.23279,0.206,"true",0.06,4,0.62531,0.954,7.0,5475,-928929331,0.911,122.0,387.0,23.52147,3.41952,0.8,3650
328,"false","false","true","false",0.5,"CRE",7.60197,1.23279,0.206,"true",0.24,4,0.62531,0.954,7.0,5475,-928903829,0.911,122.0,387.0,23.52147,3.41952,0.8,3650
346,"false","false","true","false",0.5,"CRE",7.60197,1.23279,0.206,"true",0.42,4,0.62531,0.954,7.0,5475,-928859257,0.911,122.0,387.0,23.52147,3.41952,0.8,3650
364,"false","false","true","false",0.5,"CRE",7.60197,1.23279,0.206,"true",0.6,4,0.62531,0.954,7.0,5475,-928820208,0.911,122.0,387.0,23.52147,3.41952,0.8,3650
382,"false","false","true","false",0.5,"CRE",7.60197,1.23279,0.206,"true",0.78,4,0.62531,0.954,7.0,5475,-928785064,0.911,122.0,387.0,23.52147,3.41952,0.8,3650
400,"false","false","true","false",0.5,"CRE",7.60197,1.23279,0.206,"true",0.96,4,0.62531,0.954,7.0,5475,-928752633,0.911,122.0,387.0,23.52147,3.41952,0.8,3650
5,"false","false","true","false",0.5,"CRE",7.60197,1.23279,0.206,"true",0.04,1,0.62531,0.954,7.0,5475,-929613794,0.911,122.0,387.0,23.52147,3.41952,0.8,3650
23,"false","false","true","false",0.5,"CRE",7.60197,1.23279,0.206,"true",0.22,1,0.62531,0.954,7.0,5475,-929589470,0.911,122.0,387.0,23.52147,3.41952,0.8,3650
41,"false","false","true","false",0.5,"CRE",7.60197,1.23279,0.206,"true",0.4,1,0.62531,0.954,7.0,5475,-929551883,0.911,122.0,387.0,23.52147,3.41952,0.8,3650
59,"false","false","true","false",0.5,"CRE",7.60197,1.23279,0.206,"true",0.58,1,0.62531,0.954,7.0,5475,-929521330,0.911,122.0,387.0,23.52147,3.41952,0.8,3650
77,"false","false","true","false",0.5,"CRE",7.60197,1.23279,0.206,"true",0.76,1,0.62531,0.954,7.0,5475,-929478255,0.911,122.0,387.0,23.52147,3.41952,0.8,3650
95,"false","false","true","false",0.5,"CRE",7.60197,1.23279,0.206,"true",0.94,1,0.62531,0.954,7.0,5475,-929413826,0.911,122.0,387.0,23.52147,3.41952,0.8,3650
113,"false","false","true","false",0.5,"CRE",7.60197,1.23279,0.206,"true",0.11,2,0.62531,0.954,7.0,5475,-929357794,0.911,122.0,387.0,23.52147,3.41952,0.8,3650
131,"false","false","true","false",0.5,"CRE",7.60197,1.23279,0.206,"true",0.29,2,0.62531,0.954,7.0,5475,-929318391,0.911,122.0,387.0,23.52147,3.41952,0.8,3650
149,"false","false","true","false",0.5,"CRE",7.60197,1.23279,0.206,"true",0.47,2,0.62531,0.954,7.0,5475,-929283853,0.911,122.0,387.0,23.52147,3.41952,0.8,3650
167,"false","false","true","false",0.5,"CRE",7.60197,1.23279,0.206,"true",0.65,2,0.62531,0.954,7.0,5475,-929249195,0.911,122.0,387.0,23.52147,3.41952,0.8,3650
185,"false","false","true","false",0.5,"CRE",7.60197,1.23279,0.206,"true",0.83,2,0.62531,0.954,7.0,5475,-929210824,0.911,122.0,387.0,23.52147,3.41952,0.8,3650
203,"false","false","true","false",0.5,"CRE",7.60197,1.23279,0.206,"true",0.0,3,0.62531,0.954,7.0,5475,-929163627,0.911,122.0,387.0,23.52147,3.41952,0.8,3650
221,"false","false","true","false",0.5,"CRE",7.60197,1.23279,0.206,"true",0.18,3,0.62531,0.954,7.0,5475,-929162508,0.911,122.0,387.0,23.52147,3.41952,0.8,3650
239,"false","false","true","false",0.5,"CRE",7.60197,1.23279,0.206,"true",0.36,3,0.62531,0.954,7.0,5475,-929116134,0.911,122.0,387.0,23.52147,3.41952,0.8,3650
257,"false","false","true","false",0.5,"CRE",7.60197,1.23279,0.206,"true",0.54,3,0.62531,0.954,7.0,5475,-929073104,0.911,122.0,387.0,23.52147,3.41952,0.8,3650
275,"false","false","true","false",0.5,"CRE",7.60197,1.23279,0.206,"true",0.72,3,0.62531,0.954,7.0,5475,-929038218,0.911,122.0,387.0,23.52147,3.41952,0.8,3650
293,"false","false","true","false",0.5,"CRE",7.60197,1.23279,0.206,"true",0.9,3,0.62531,0.954,7.0,5475,-928987813,0.911,122.0,387.0,23.52147,3.41952,0.8,3650
311,"false","false","true","false",0.5,"CRE",7.60197,1.23279,0.206,"true",0.07,4,0.62531,0.954,7.0,5475,-928941715,0.911,122.0,387.0,23.52147,3.41952,0.8,3650
329,"false","false","true","false",0.5,"CRE",7.60197,1.23279,0.206,"true",0.25,4,0.62531,0.954,7.0,5475,-928912957,0.911,122.0,387.0,23.52147,3.41952,0.8,3650
347,"false","false","true","false",0.5,"CRE",7.60197,1.23279,0.206,"true",0.43,4,0.62531,0.954,7.0,5475,-928879134,0.911,122.0,387.0,23.52147,3.41952,0.8,3650
365,"false","false","true","false",0.5,"CRE",7.60197,1.23279,0.206,"true",0.61,4,0.62531,0.954,7.0,5475,-928844312,0.911,122.0,387.0,23.52147,3.41952,0.8,3650
383,"false","false","true","false",0.5,"CRE",7.60197,1.23279,0.206,"true",0.79,4,0.62531,0.954,7.0,5475,-928808833,0.911,122.0,387.0,23.52147,3.41952,0.8,3650
401,"false","false","true","false",0.5,"CRE",7.60197,1.23279,0.206,"true",0.97,4,0.62531,0.954,7.0,5475,-928762793,0.911,122.0,387.0,23.52147,3.41952,0.8,3650
6,"false","false","true","false",0.5,"CRE",7.60197,1.23279,0.206,"true",0.05,1,0.62531,0.954,7.0,5475,-929614010,0.911,122.0,387.0,23.52147,3.41952,0.8,3650
24,"false","false","true","false",0.5,"CRE",7.60197,1.23279,0.206,"true",0.23,1,0.62531,0.954,7.0,5475,-929587326,0.911,122.0,387.0,23.52147,3.41952,0.8,3650
42,"false","false","true","false",0.5,"CRE",7.60197,1.23279,0.206,"true",0.41,1,0.62531,0.954,7.0,5475,-929550782,0.911,122.0,387.0,23.52147,3.41952,0.8,3650
60,"false","false","true","false",0.5,"CRE",7.60197,1.23279,0.206,"true",0.59,1,0.62531,0.954,7.0,5475,-929518452,0.911,122.0,387.0,23.52147,3.41952,0.8,3650
78,"false","false","true","false",0.5,"CRE",7.60197,1.23279,0.206,"true",0.77,1,0.62531,0.954,7.0,5475,-929485227,0.911,122.0,387.0,23.52147,3.41952,0.8,3650
96,"false","false","true","false",0.5,"CRE",7.60197,1.23279,0.206,"true",0.95,1,0.62531,0.954,7.0,5475,-929437742,0.911,122.0,387.0,23.52147,3.41952,0.8,3650
114,"false","false","true","false",0.5,"CRE",7.60197,1.23279,0.206,"true",0.12,2,0.62531,0.954,7.0,5475,-929392972,0.911,122.0,387.0,23.52147,3.41952,0.8,3650
132,"false","false","true","false",0.5,"CRE",7.60197,1.23279,0.206,"true",0.3,2,0.62531,0.954,7.0,5475,-929352563,0.911,122.0,387.0,23.52147,3.41952,0.8,3650
150,"false","false","true","false",0.5,"CRE",7.60197,1.23279,0.206,"true",0.48,2,0.62531,0.954,7.0,5475,-929310178,0.911,122.0,387.0,23.52147,3.41952,0.8,3650
168,"false","false","true","false",0.5,"CRE",7.60197,1.23279,0.206,"true",0.66,2,0.62531,0.954,7.0,5475,-929268993,0.911,122.0,387.0,23.52147,3.41952,0.8,3650
186,"false","false","true","false",0.5,"CRE",7.60197,1.23279,0.206,"true",0.84,2,0.62531,0.954,7.0,5475,-929229394,0.911,122.0,387.0,23.52147,3.41952,0.8,3650
204,"false","false","true","false",0.5,"CRE",7.60197,1.23279,0.206,"true",0.01,3,0.62531,0.954,7.0,5475,-929179874,0.911,122.0,387.0,23.52147,3.41952,0.8,3650
222,"false","false","true","false",0.5,"CRE",7.60197,1.23279,0.206,"true",0.19,3,0.62531,0.954,7.0,5475,-929176020,0.911,122.0,387.0,23.52147,3.41952,0.8,3650
240,"false","false","true","false",0.5,"CRE",7.60197,1.23279,0.206,"true",0.37,3,0.62531,0.954,7.0,5475,-929134197,0.911,122.0,387.0,23.52147,3.41952,0.8,3650
258,"false","false","true","false",0.5,"CRE",7.60197,1.23279,0.206,"true",0.55,3,0.62531,0.954,7.0,5475,-929100498,0.911,122.0,387.0,23.52147,3.41952,0.8,3650
276,"false","false","true","false",0.5,"CRE",7.60197,1.23279,0.206,"true",0.73,3,0.62531,0.954,7.0,5475,-929065307,0.911,122.0,387.0,23.52147,3.41952,0.8,3650
294,"false","false","true","false",0.5,"CRE",7.60197,1.23279,0.206,"true",0.91,3,0.62531,0.954,7.0,5475,-929023936,0.911,122.0,387.0,23.52147,3.41952,0.8,3650
312,"false","false","true","false",0.5,"CRE",7.60197,1.23279,0.206,"true",0.08,4,0.62531,0.954,7.0,5475,-928979876,0.911,122.0,387.0,23.52147,3.41952,0.8,3650
330,"false","false","true","false",0.5,"CRE",7.60197,1.23279,0.206,"true",0.26,4,0.62531,0.954,7.0,5475,-928948983,0.911,122.0,387.0,23.52147,3.41952,0.8,3650
348,"false","false","true","false",0.5,"CRE",7.60197,1.23279,0.206,"true",0.44,4,0.62531,0.954,7.0,5475,-928915472,0.911,122.0,387.0,23.52147,3.41952,0.8,3650
366,"false","false","true","false",0.5,"CRE",7.60197,1.23279,0.206,"true",0.62,4,0.62531,0.954,7.0,5475,-928873992,0.911,122.0,387.0,23.52147,3.41952,0.8,3650
384,"false","false","true","false",0.5,"CRE",7.60197,1.23279,0.206,"true",0.8,4,0.62531,0.954,7.0,5475,-928836837,0.911,122.0,387.0,23.52147,3.41952,0.8,3650
402,"false","false","true","false",0.5,"CRE",7.60197,1.23279,0.206,"true",0.98,4,0.62531,0.954,7.0,5475,-928786751,0.911,122.0,387.0,23.52147,3.41952,0.8,3650
7,"false","false","true","false",0.5,"CRE",7.60197,1.23279,0.206,"true",0.06,1,0.62531,0.954,7.0,5475,-929613193,0.911,122.0,387.0,23.52147,3.41952,0.8,3650
25,"false","false","true","false",0.5,"CRE",7.60197,1.23279,0.206,"true",0.24,1,0.62531,0.954,7.0,5475,-929582897,0.911,122.0,387.0,23.52147,3.41952,0.8,3650
43,"false","false","true","false",0.5,"CRE",7.60197,1.23279,0.206,"true",0.42,1,0.62531,0.954,7.0,5475,-929538108,0.911,122.0,387.0,23.52147,3.41952,0.8,3650
61,"false","false","true","false",0.5,"CRE",7.60197,1.23279,0.206,"true",0.6,1,0.62531,0.954,7.0,5475,-929503729,0.911,122.0,387.0,23.52147,3.41952,0.8,3650
79,"false","false","true","false",0.5,"CRE",7.60197,1.23279,0.206,"true",0.78,1,0.62531,0.954,7.0,5475,-929465737,0.911,122.0,387.0,23.52147,3.41952,0.8,3650
97,"false","false","true","false",0.5,"CRE",7.60197,1.23279,0.206,"true",0.96,1,0.62531,0.954,7.0,5475,-929425117,0.911,122.0,387.0,23.52147,3.41952,0.8,3650
115,"false","false","true","false",0.5,"CRE",7.60197,1.23279,0.206,"true",0.13,2,0.62531,0.954,7.0,5475,-929368883,0.911,122.0,387.0,23.52147,3.41952,0.8,3650
133,"false","false","true","false",0.5,"CRE",7.60197,1.23279,0.206,"true",0.31,2,0.62531,0.954,7.0,5475,-929329964,0.911,122.0,387.0,23.52147,3.41952,0.8,3650
151,"false","false","true","false",0.5,"CRE",7.60197,1.23279,0.206,"true",0.49,2,0.62531,0.954,7.0,5475,-929290575,0.911,122.0,387.0,23.52147,3.41952,0.8,3650
169,"false","false","true","false",0.5,"CRE",7.60197,1.23279,0.206,"true",0.67,2,0.62531,0.954,7.0,5475,-929253258,0.911,122.0,387.0,23.52147,3.41952,0.8,3650
187,"false","false","true","false",0.5,"CRE",7.60197,1.23279,0.206,"true",0.85,2,0.62531,0.954,7.0,5475,-929208333,0.911,122.0,387.0,23.52147,3.41952,0.8,3650
205,"false","false","true","false",0.5,"CRE",7.60197,1.23279,0.206,"true",0.02,3,0.62531,0.954,7.0,5475,-929162752,0.911,122.0,387.0,23.52147,3.41952,0.8,3650
223,"false","false","true","false",0.5,"CRE",7.60197,1.23279,0.206,"true",0.2,3,0.62531,0.954,7.0,5475,-929155787,0.911,122.0,387.0,23.52147,3.41952,0.8,3650
241,"false","false","true","false",0.5,"CRE",7.60197,1.23279,0.206,"true",0.38,3,0.62531,0.954,7.0,5475,-929110124,0.911,122.0,387.0,23.52147,3.41952,0.8,3650
259,"false","false","true","false",0.5,"CRE",7.60197,1.23279,0.206,"true",0.56,3,0.62531,0.954,7.0,5475,-929078789,0.911,122.0,387.0,23.52147,3.41952,0.8,3650
277,"false","false","true","false",0.5,"CRE",7.60197,1.23279,0.206,"true",0.74,3,0.62531,0.954,7.0,5475,-929041421,0.911,122.0,387.0,23.52147,3.41952,0.8,3650
295,"false","false","true","false",0.5,"CRE",7.60197,1.23279,0.206,"true",0.92,3,0.62531,0.954,7.0,5475,-929002562,0.911,122.0,387.0,23.52147,3.41952,0.8,3650
313,"false","false","true","false",0.5,"CRE",7.60197,1.23279,0.206,"true",0.09,4,0.62531,0.954,7.0,5475,-928952320,0.911,122.0,387.0,23.52147,3.41952,0.8,3650
331,"false","false","true","false",0.5,"CRE",7.60197,1.23279,0.206,"true",0.27,4,0.62531,0.954,7.0,5475,-928920516,0.911,122.0,387.0,23.52147,3.41952,0.8,3650
349,"false","false","true","false",0.5,"CRE",7.60197,1.23279,0.206,"true",0.45,4,0.62531,0.954,7.0,5475,-928880831,0.911,122.0,387.0,23.52147,3.41952,0.8,3650
367,"false","false","true","false",0.5,"CRE",7.60197,1.23279,0.206,"true",0.63,4,0.62531,0.954,7.0,5475,-928846545,0.911,122.0,387.0,23.52147,3.41952,0.8,3650
385,"false","false","true","false",0.5,"CRE",7.60197,1.23279,0.206,"true",0.81,4,0.62531,0.954,7.0,5475,-928803564,0.911,122.0,387.0,23.52147,3.41952,0.8,3650
403,"false","false","true","false",0.5,"CRE",7.60197,1.23279,0.206,"true",0.99,4,0.62531,0.954,7.0,5475,-928773065,0.911,122.0,387.0,23.52147,3.41952,0.8,3650
8,"false","false","true","false",0.5,"CRE",7.60197,1.23279,0.206,"true",0.07,1,0.62531,0.954,7.0,5475,-929612290,0.911,122.0,387.0,23.52147,3.41952,0.8,3650
26,"false","false","true","false",0.5,"CRE",7.60197,1.23279,0.206,"true",0.25,1,0.62531,0.954,7.0,5475,-929575885,0.911,122.0,387.0,23.52147,3.41952,0.8,3650
44,"false","false","true","false",0.5,"CRE",7.60197,1.23279,0.206,"true",0.43,1,0.62531,0.954,7.0,5475,-929535825,0.911,122.0,387.0,23.52147,3.41952,0.8,3650
62,"false","false","true","false",0.5,"CRE",7.60197,1.23279,0.206,"true",0.61,1,0.62531,0.954,7.0,5475,-929503393,0.911,122.0,387.0,23.52147,3.41952,0.8,3650
80,"false","false","true","false",0.5,"CRE",7.60197,1.23279,0.206,"true",0.79,1,0.62531,0.954,7.0,5475,-929472474,0.911,122.0,387.0,23.52147,3.41952,0.8,3650
98,"false","false","true","false",0.5,"CRE",7.60197,1.23279,0.206,"true",0.97,1,0.62531,0.954,7.0,5475,-929434833,0.911,122.0,387.0,23.52147,3.41952,0.8,3650
116,"false","false","true","false",0.5,"CRE",7.60197,1.23279,0.206,"true",0.14,2,0.62531,0.954,7.0,5475,-929381619,0.911,122.0,387.0,23.52147,3.41952,0.8,3650
134,"false","false","true","false",0.5,"CRE",7.60197,1.23279,0.206,"true",0.32,2,0.62531,0.954,7.0,5475,-929339279,0.911,122.0,387.0,23.52147,3.41952,0.8,3650
152,"false","false","true","false",0.5,"CRE",7.60197,1.23279,0.206,"true",0.5,2,0.62531,0.954,7.0,5475,-929304788,0.911,122.0,387.0,23.52147,3.41952,0.8,3650
170,"false","false","true","false",0.5,"CRE",7.60197,1.23279,0.206,"true",0.68,2,0.62531,0.954,7.0,5475,-929275033,0.911,122.0,387.0,23.52147,3.41952,0.8,3650
188,"false","false","true","false",0.5,"CRE",7.60197,1.23279,0.206,"true",0.86,2,0.62531,0.954,7.0,5475,-929232885,0.911,122.0,387.0,23.52147,3.41952,0.8,3650
206,"false","false","true","false",0.5,"CRE",7.60197,1.23279,0.206,"true",0.03,3,0.62531,0.954,7.0,5475,-929182454,0.911,122.0,387.0,23.52147,3.41952,0.8,3650
224,"false","false","true","false",0.5,"CRE",7.60197,1.23279,0.206,"true",0.21,3,0.62531,0.954,7.0,5475,-929171877,0.911,122.0,387.0,23.52147,3.41952,0.8,3650
242,"false","false","true","false",0.5,"CRE",7.60197,1.23279,0.206,"true",0.39,3,0.62531,0.954,7.0,5475,-929136511,0.911,122.0,387.0,23.52147,3.41952,0.8,3650
260,"false","false","true","false",0.5,"CRE",7.60197,1.23279,0.206,"true",0.57,3,0.62531,0.954,7.0,5475,-929099529,0.911,122.0,387.0,23.52147,3.41952,0.8,3650
278,"false","false","true","false",0.5,"CRE",7.60197,1.23279,0.206,"true",0.75,3,0.62531,0.954,7.0,5475,-929065567,0.911,122.0,387.0,23.52147,3.41952,0.8,3650
296,"false","false","true","false",0.5,"CRE",7.60197,1.23279,0.206,"true",0.93,3,0.62531,0.954,7.0,5475,-929032366,0.911,122.0,387.0,23.52147,3.41952,0.8,3650
314,"false","false","true","false",0.5,"CRE",7.60197,1.23279,0.206,"true",0.1,4,0.62531,0.954,7.0,5475,-928990958,0.911,122.0,387.0,23.52147,3.41952,0.8,3650
332,"false","false","true","false",0.5,"CRE",7.60197,1.23279,0.206,"true",0.28,4,0.62531,0.954,7.0,5475,-928948490,0.911,122.0,387.0,23.52147,3.41952,0.8,3650
350,"false","false","true","false",0.5,"CRE",7.60197,1.23279,0.206,"true",0.46,4,0.62531,0.954,7.0,5475,-928916172,0.911,122.0,387.0,23.52147,3.41952,0.8,3650
368,"false","false","true","false",0.5,"CRE",7.60197,1.23279,0.206,"true",0.64,4,0.62531,0.954,7.0,5475,-928874936,0.911,122.0,387.0,23.52147,3.41952,0.8,3650
386,"false","false","true","false",0.5,"CRE",7.60197,1.23279,0.206,"true",0.82,4,0.62531,0.954,7.0,5475,-928829744,0.911,122.0,387.0,23.52147,3.41952,0.8,3650
404,"false","false","true","false",0.5,"CRE",7.60197,1.23279,0.206,"true",1.0,4,0.62531,0.954,7.0,5475,-928781598,0.911,122.0,387.0,23.52147,3.41952,0.8,3650
9,"false","false","true","false",0.5,"CRE",7.60197,1.23279,0.206,"true",0.08,1,0.62531,0.954,7.0,5475,-929611757,0.911,122.0,387.0,23.52147,3.41952,0.8,3650
27,"false","false","true","false",0.5,"CRE",7.60197,1.23279,0.206,"true",0.26,1,0.62531,0.954,7.0,5475,-929573768,0.911,122.0,387.0,23.52147,3.41952,0.8,3650
45,"false","false","true","false",0.5,"CRE",7.60197,1.23279,0.206,"true",0.44,1,0.62531,0.954,7.0,5475,-929531342,0.911,122.0,387.0,23.52147,3.41952,0.8,3650
63,"false","false","true","false",0.5,"CRE",7.60197,1.23279,0.206,"true",0.62,1,0.62531,0.954,7.0,5475,-929492461,0.911,122.0,387.0,23.52147,3.41952,0.8,3650
81,"false","false","true","false",0.5,"CRE",7.60197,1.23279,0.206,"true",0.8,1,0.62531,0.954,7.0,5475,-929443516,0.911,122.0,387.0,23.52147,3.41952,0.8,3650
99,"false","false","true","false",0.5,"CRE",7.60197,1.23279,0.206,"true",0.98,1,0.62531,0.954,7.0,5475,-929399182,0.911,122.0,387.0,23.52147,3.41952,0.8,3650
117,"false","false","true","false",0.5,"CRE",7.60197,1.23279,0.206,"true",0.15,2,0.62531,0.954,7.0,5475,-929354603,0.911,122.0,387.0,23.52147,3.41952,0.8,3650
135,"false","false","true","false",0.5,"CRE",7.60197,1.23279,0.206,"true",0.33,2,0.62531,0.954,7.0,5475,-929307557,0.911,122.0,387.0,23.52147,3.41952,0.8,3650
153,"false","false","true","false",0.5,"CRE",7.60197,1.23279,0.206,"true",0.51,2,0.62531,0.954,7.0,5475,-929262715,0.911,122.0,387.0,23.52147,3.41952,0.8,3650
171,"false","false","true","false",0.5,"CRE",7.60197,1.23279,0.206,"true",0.69,2,0.62531,0.954,7.0,5475,-929219613,0.911,122.0,387.0,23.52147,3.41952,0.8,3650
189,"false","false","true","false",0.5,"CRE",7.60197,1.23279,0.206,"true",0.87,2,0.62531,0.954,7.0,5475,-929180256,0.911,122.0,387.0,23.52147,3.41952,0.8,3650
207,"false","false","true","false",0.5,"CRE",7.60197,1.23279,0.206,"true",0.04,3,0.62531,0.954,7.0,5475,-929137677,0.911,122.0,387.0,23.52147,3.41952,0.8,3650
225,"false","false","true","false",0.5,"CRE",7.60197,1.23279,0.206,"true",0.22,3,0.62531,0.954,7.0,5475,-929121898,0.911,122.0,387.0,23.52147,3.41952,0.8,3650
243,"false","false","true","false",0.5,"CRE",7.60197,1.23279,0.206,"true",0.4,3,0.62531,0.954,7.0,5475,-929086983,0.911,122.0,387.0,23.52147,3.41952,0.8,3650
261,"false","false","true","false",0.5,"CRE",7.60197,1.23279,0.206,"true",0.58,3,0.62531,0.954,7.0,5475,-929045368,0.911,122.0,387.0,23.52147,3.41952,0.8,3650
279,"false","false","true","false",0.5,"CRE",7.60197,1.23279,0.206,"true",0.76,3,0.62531,0.954,7.0,5475,-929010844,0.911,122.0,387.0,23.52147,3.41952,0.8,3650
297,"false","false","true","false",0.5,"CRE",7.60197,1.23279,0.206,"true",0.94,3,0.62531,0.954,7.0,5475,-928967588,0.911,122.0,387.0,23.52147,3.41952,0.8,3650
315,"false","false","true","false",0.5,"CRE",7.60197,1.23279,0.206,"true",0.11,4,0.62531,0.954,7.0,5475,-928918973,0.911,122.0,387.0,23.52147,3.41952,0.8,3650
333,"false","false","true","false",0.5,"CRE",7.60197,1.23279,0.206,"true",0.29,4,0.62531,0.954,7.0,5475,-928874208,0.911,122.0,387.0,23.52147,3.41952,0.8,3650
351,"false","false","true","false",0.5,"CRE",7.60197,1.23279,0.206,"true",0.47,4,0.62531,0.954,7.0,5475,-928839814,0.911,122.0,387.0,23.52147,3.41952,0.8,3650
369,"false","false","true","false",0.5,"CRE",7.60197,1.23279,0.206,"true",0.65,4,0.62531,0.954,7.0,5475,-928802828,0.911,122.0,387.0,23.52147,3.41952,0.8,3650
387,"false","false","true","false",0.5,"CRE",7.60197,1.23279,0.206,"true",0.83,4,0.62531,0.954,7.0,5475,-928765395,0.911,122.0,387.0,23.52147,3.41952,0.8,3650
