"run","DoActiveSurveillance","IsolationEffectiveness","DaysBetweenTests","tick","ClinicalDetections","MeanDailyPrevalence","MeanDischargePrevalence","ImportationPrevalence","NumberOfTransmissions"
1,"true",0.5,7.0,5474.0,565,0.19482336920675106,0.19607843137254902,0.20877084620135886,0
17,"true",0.5,7.0,5474.0,809,0.20859037410366965,0.2274479568234387,0.20739251469223632,1744
33,"true",0.5,7.0,5474.0,1073,0.22278289272231933,0.26452391730798247,0.21496454970583798,3880
49,"true",0.5,7.0,5474.0,1365,0.23584313652413963,0.29744525547445255,0.1950624809509296,6230
65,"true",0.5,7.0,5474.0,1713,0.2531777670777419,0.36485642946317104,0.20852192914000311,8906
81,"true",0.5,7.0,5474.0,2050,0.26859801440530795,0.3980006248047485,0.19840774274118014,11104
97,"true",0.5,7.0,5474.0,2480,0.28744773583526945,0.4636966240172653,0.20316582142308284,14040
113,"true",0.5,7.0,5474.0,2879,0.3081988440173509,0.5168763424363302,0.20015337423312884,16886
129,"true",0.5,7.0,5474.0,3373,0.32806134411282656,0.5681437490482717,0.207627765064836,19166
145,"true",0.5,7.0,5474.0,3858,0.3479559959383245,0.6360391122148068,0.21172285802660068,21588
161,"true",0.5,7.0,5474.0,4394,0.3672266875564788,0.6724218385440971,0.20828806456619586,23460
177,"true",0.5,7.0,5474.0,4925,0.3863924839860711,0.6908338442673206,0.20704980842911877,24814
193,"true",0.5,7.0,5474.0,5479,0.4040846035462252,0.728402734617775,0.20410383957718017,26406
10,"true",0.5,7.0,5474.0,597,0.21625815411004753,0.22009714632665453,0.21472019464720193,1364
26,"true",0.5,7.0,5474.0,837,0.22580483647801183,0.24373751344705702,0.2096378146101903,2838
42,"true",0.5,7.0,5474.0,1108,0.2407076559504336,0.2913816689466484,0.21252285191956125,5188
58,"true",0.5,7.0,5474.0,1416,0.2544557898121879,0.33527875902319154,0.20755296284924776,7440
74,"true",0.5,7.0,5474.0,1748,0.2730599704864275,0.39039408866995073,0.21291018333076567,10538
90,"true",0.5,7.0,5474.0,2151,0.29025288098901625,0.42713178294573645,0.2045770836554817,12476
106,"true",0.5,7.0,5474.0,2604,0.31013611901411353,0.49300967890612996,0.2046468687490383,15814
122,"true",0.5,7.0,5474.0,3007,0.32907820406403676,0.540121061617259,0.2055813953488372,18016
138,"true",0.5,7.0,5474.0,3480,0.3486501587380903,0.5933303153764902,0.20554969084602623,20458
154,"true",0.5,7.0,5474.0,4013,0.3687442095099361,0.6346153846153846,0.20286727300755356,22416
170,"true",0.5,7.0,5474.0,4548,0.38722156096597055,0.6843325092707045,0.20909372100216517,24180
186,"true",0.5,7.0,5474.0,5112,0.40591033821162065,0.7220742597524675,0.223232481580185,25352
11,"true",0.5,7.0,5474.0,670,0.22362502543630214,0.21668723010487353,0.2111829944547135,1498
27,"true",0.5,7.0,5474.0,919,0.23064450199201447,0.24965914255415847,0.21079691516709512,2958
43,"true",0.5,7.0,5474.0,1208,0.24474604399623653,0.28075906050707733,0.1970496894409938,5358
59,"true",0.5,7.0,5474.0,1494,0.2580502951251981,0.3261749144102085,0.2047818661698494,7522
75,"true",0.5,7.0,5474.0,1830,0.2736352407225035,0.3867852215238387,0.21092077087794434,10250
91,"true",0.5,7.0,5474.0,2239,0.2924326461315285,0.45587106676899464,0.22000919258464838,13004
107,"true",0.5,7.0,5474.0,2642,0.31197067494692415,0.49479007048728163,0.2036497469713234,16110
123,"true",0.5,7.0,5474.0,3082,0.33183814662940864,0.5477873386601106,0.21142593162919618,18344
139,"true",0.5,7.0,5474.0,3590,0.3521876082403801,0.5992538473496036,0.20884406516679596,20586
155,"true",0.5,7.0,5474.0,4130,0.37218064728947875,0.64275966641395,0.20051569846807218,22896
171,"true",0.5,7.0,5474.0,4675,0.3915672297452669,0.6828031350852928,0.21517432038089387,24452
187,"true",0.5,7.0,5474.0,5229,0.41028095726707137,0.7128620367486764,0.21645156274296376,25588
12,"true",0.5,7.0,5474.0,647,0.2116965813323109,0.2106544901065449,0.19963453631795341,1622
28,"true",0.5,7.0,5474.0,899,0.22662092603997172,0.24980913116506337,0.20773093897428094,3268
44,"true",0.5,7.0,5474.0,1176,0.23976552062142173,0.2827660557523487,0.20214888718342286,5486
60,"true",0.5,7.0,5474.0,1488,0.25534226267217974,0.34258549302254254,0.21092192053996012,7644
76,"true",0.5,7.0,5474.0,1837,0.2745886926369295,0.4018606069849016,0.21602573923701548,11054
92,"true",0.5,7.0,5474.0,2181,0.29285924758078724,0.4523510971786834,0.2024780426599749,13336
108,"true",0.5,7.0,5474.0,2589,0.3137694711281501,0.5135135135135135,0.20895750535004587,16126
124,"true",0.5,7.0,5474.0,3072,0.333326876308626,0.5496617466174661,0.20795576716326217,18910
140,"true",0.5,7.0,5474.0,3528,0.3539289201301516,0.6103956555469356,0.2094354215003867,20832
156,"true",0.5,7.0,5474.0,4058,0.3738434960715408,0.6453461359764596,0.2049332919640087,22676
172,"true",0.5,7.0,5474.0,4619,0.39292342070635533,0.6824261275272162,0.20335039553280596,24474
188,"true",0.5,7.0,5474.0,5201,0.4112709353325173,0.7209662434190152,0.2091260634184068,25938
13,"true",0.5,7.0,5474.0,651,0.21954704468988212,0.2141639547497288,0.20816579028765853,1738
29,"true",0.5,7.0,5474.0,892,0.22803909246500104,0.25614785397892165,0.20926688004877306,3204
45,"true",0.5,7.0,5474.0,1185,0.23846865684572896,0.2669341151056936,0.19814671814671814,5172
61,"true",0.5,7.0,5474.0,1488,0.2544106940622934,0.32450738916256155,0.2006153846153846,7686
77,"true",0.5,7.0,5474.0,1837,0.2730889683884285,0.386488131466829,0.2135225885225885,10526
93,"true",0.5,7.0,5474.0,2222,0.293360248169447,0.45186360031720857,0.206657201451333,13484
109,"true",0.5,7.0,5474.0,2635,0.3112279833952299,0.48992981385413487,0.20054861322767448,15938
125,"true",0.5,7.0,5474.0,3076,0.3315154470967358,0.5609831029185868,0.20384024577572965,18756
141,"true",0.5,7.0,5474.0,3581,0.35193401930693163,0.6040207127627171,0.21077461573580886,20978
157,"true",0.5,7.0,5474.0,4079,0.37156982038267117,0.6378420641125879,0.20649106302916276,22652
173,"true",0.5,7.0,5474.0,4644,0.39140413722561274,0.6938008766437069,0.20103092783505155,24654
189,"true",0.5,7.0,5474.0,5176,0.40999655582308064,0.7227480916030534,0.19669876203576342,26310
14,"true",0.5,7.0,5474.0,662,0.22373988363752217,0.21563798676312143,0.20307455803228286,2058
30,"true",0.5,7.0,5474.0,913,0.2344727923916268,0.2557516545855657,0.20601669554260513,3430
46,"true",0.5,7.0,5474.0,1223,0.24797252706229309,0.30118232731798383,0.21914396887159532,5808
62,"true",0.5,7.0,5474.0,1538,0.26151604479107,0.3464443045940843,0.20580847723704868,7848
78,"true",0.5,7.0,5474.0,1886,0.2786384392566808,0.3880847173548682,0.20875113947128532,10918
94,"true",0.5,7.0,5474.0,2243,0.2981292471897681,0.45614035087719296,0.20876729364215763,13576
110,"true",0.5,7.0,5474.0,2692,0.3169984740603369,0.48652833694642306,0.20327716803215334,15994
126,"true",0.5,7.0,5474.0,3156,0.3368532028863192,0.5425802351445821,0.19996820855189953,18876
142,"true",0.5,7.0,5474.0,3620,0.35699137386213786,0.6127541589648798,0.20441988950276244,20936
158,"true",0.5,7.0,5474.0,4152,0.3772030082168431,0.6535326086956522,0.20744761043268506,23200
174,"true",0.5,7.0,5474.0,4712,0.3966734225678651,0.6760429835651075,0.20691287878787878,24462
190,"true",0.5,7.0,5474.0,5274,0.4146689556079405,0.7140204271123491,0.2079207920792079,25814
15,"true",0.5,7.0,5474.0,670,0.2325613145104964,0.22266955713843295,0.206624361553939,2224
31,"true",0.5,7.0,5474.0,917,0.23610677436224312,0.24695597876990322,0.19591008429597254,3502
47,"true",0.5,7.0,5474.0,1181,0.247464454339605,0.2935597368823619,0.20250841235851944,5678
63,"true",0.5,7.0,5474.0,1503,0.263575777038107,0.34493815849748055,0.21152376585664068,8208
79,"true",0.5,7.0,5474.0,1854,0.28026942833192603,0.40528971105335576,0.20923498933252058,10916
95,"true",0.5,7.0,5474.0,2237,0.2986835400660675,0.4411074612857813,0.20306154326772882,13538
111,"true",0.5,7.0,5474.0,2625,0.3180590852373201,0.47950946910897235,0.20554093793530412,16006
127,"true",0.5,7.0,5474.0,3069,0.33893170771189207,0.5579045546401368,0.19588913111180317,18978
143,"true",0.5,7.0,5474.0,3584,0.3593310304083048,0.6086425408459307,0.2040036674816626,21414
159,"true",0.5,7.0,5474.0,4131,0.37934808825548244,0.6556603773584906,0.20556061987237922,23422
175,"true",0.5,7.0,5474.0,4633,0.3980657835077485,0.6818038473667613,0.20693459416863672,24268
191,"true",0.5,7.0,5474.0,5185,0.416423068634703,0.7263948497854077,0.20073383274728634,26348
16,"true",0.5,7.0,5474.0,670,0.22605577915368852,0.2130637636080871,0.19527363184079602,2192
32,"true",0.5,7.0,5474.0,935,0.23536621670185726,0.26230269266480966,0.2104613485573214,3702
48,"true",0.5,7.0,5474.0,1238,0.24672508970511964,0.29469040012171005,0.20648204503956177,5740
64,"true",0.5,7.0,5474.0,1542,0.26362303669563014,0.35599505562422745,0.21029843822483377,8220
80,"true",0.5,7.0,5474.0,1928,0.2817965459457259,0.40821917808219177,0.2076794149017218,11284
96,"true",0.5,7.0,5474.0,2300,0.3008273862661793,0.47278808148373364,0.21520716345424193,13946
112,"true",0.5,7.0,5474.0,2763,0.3203492389738086,0.518455859735466,0.21213054187192118,16046
128,"true",0.5,7.0,5474.0,3189,0.3412648265371587,0.5716496440730424,0.20455602045560203,19268
144,"true",0.5,7.0,5474.0,3697,0.36198587354641826,0.6255137768305679,0.20364741641337386,21618
160,"true",0.5,7.0,5474.0,4194,0.3811893550756971,0.6638323716975403,0.20446265938069216,23394
176,"true",0.5,7.0,5474.0,4733,0.4003610596066417,0.695618516798266,0.21028182099721276,25040
192,"true",0.5,7.0,5474.0,5295,0.41913279019559074,0.7297215035763202,0.20192161049260332,26598
2,"true",0.5,7.0,5474.0,533,0.19890808510087765,0.19756744113519414,0.20771513353115728,154
18,"true",0.5,7.0,5474.0,764,0.21109385224205868,0.23093415007656967,0.2113323124042879,1984
34,"true",0.5,7.0,5474.0,1014,0.22241033525450096,0.26537758830694275,0.20419963481436396,3942
50,"true",0.5,7.0,5474.0,1325,0.23670877852996425,0.30474452554744524,0.2036613272311213,6350
66,"true",0.5,7.0,5474.0,1651,0.2540932062449053,0.3680544807305371,0.21311475409836064,9082
82,"true",0.5,7.0,5474.0,1997,0.27017694503622935,0.39843260188087776,0.20634920634920634,11172
98,"true",0.5,7.0,5474.0,2441,0.2890229560922785,0.46000910608590073,0.20227963525835865,14188
114,"true",0.5,7.0,5474.0,2894,0.30870808084389423,0.5183773066951349,0.21436194541850892,17174
130,"true",0.5,7.0,5474.0,3336,0.3296246350873668,0.585625,0.2064758329422806,19258
146,"true",0.5,7.0,5474.0,3829,0.3493269186630959,0.6173103343001068,0.20186287982898152,21280
162,"true",0.5,7.0,5474.0,4322,0.3684262513864168,0.642041949413942,0.19990737882062365,23614
178,"true",0.5,7.0,5474.0,4874,0.3871854119163447,0.6817484662576687,0.20733578882750153,25048
194,"true",0.5,7.0,5474.0,5453,0.4049182148084271,0.7199815979144303,0.1990477653202273,26624
3,"true",0.5,7.0,5474.0,574,0.2049807989314041,0.19981412639405205,0.21050178654652787,282
19,"true",0.5,7.0,5474.0,791,0.21001481017245688,0.21577017114914426,0.19535310302659736,2018
35,"true",0.5,7.0,5474.0,1056,0.2235206531355504,0.267438223334376,0.20775363451617945,4204
51,"true",0.5,7.0,5474.0,1362,0.2382624876404878,0.29720879463589583,0.20381071372794002,6420
67,"true",0.5,7.0,5474.0,1723,0.2548570931781074,0.35185185185185186,0.20831401638077576,8970
83,"true",0.5,7.0,5474.0,2112,0.2724416302684629,0.40953998147576415,0.20405008502086877,11424
99,"true",0.5,7.0,5474.0,2516,0.291831987707321,0.4665948275862069,0.20460475825019186,14450
115,"true",0.5,7.0,5474.0,2983,0.3128904122221222,0.5365665896843725,0.2098613251155624,17394
131,"true",0.5,7.0,5474.0,3450,0.33168448505822923,0.5629343629343629,0.20399628252788105,18936
147,"true",0.5,7.0,5474.0,3931,0.3517871708279079,0.6188795088257867,0.2037122258015033,21892
163,"true",0.5,7.0,5474.0,4458,0.371343400687731,0.6711990111248455,0.2025375212749497,23656
179,"true",0.5,7.0,5474.0,5038,0.39009482716033606,0.6860735910572893,0.2053349875930521,25146
195,"true",0.5,7.0,5474.0,5579,0.40837753539779464,0.7344563552833078,0.21314496314496315,26634
4,"true",0.5,7.0,5474.0,596,0.19972862098052405,0.19495412844036697,0.2044478527607362,382
20,"true",0.5,7.0,5474.0,833,0.21387688916287684,0.23126734505087881,0.20667800278250115,2130
36,"true",0.5,7.0,5474.0,1088,0.2249774521491644,0.2626749611197512,0.20348204570184983,4046
52,"true",0.5,7.0,5474.0,1384,0.24007738498863865,0.3153811045184847,0.21132533778654927,6612
68,"true",0.5,7.0,5474.0,1744,0.2579631972854634,0.3556819929263417,0.20277136258660508,9588
84,"true",0.5,7.0,5474.0,2085,0.27662884444278973,0.4456369575361643,0.2148876404494382,12142
100,"true",0.5,7.0,5474.0,2496,0.2958936012642097,0.4729102167182663,0.20229777984784972,14506
116,"true",0.5,7.0,5474.0,2949,0.3147680194110197,0.5297428875703636,0.19917770671539517,17774
132,"true",0.5,7.0,5474.0,3405,0.33523937020796657,0.5816923076923077,0.2046964313301406,19740
148,"true",0.5,7.0,5474.0,3928,0.3548921679555817,0.6295308332025733,0.21693205107993063,21308
164,"true",0.5,7.0,5474.0,4403,0.3744081201949361,0.6702325581395349,0.20993017843289372,23590
180,"true",0.5,7.0,5474.0,4932,0.393132268433449,0.6917596034696406,0.20329243671377542,24928
196,"true",0.5,7.0,5474.0,5503,0.410942087896629,0.7197844495765974,0.20326204031389444,26694
5,"true",0.5,7.0,5474.0,619,0.20352412009126913,0.1978560490045942,0.2019892884468248,538
21,"true",0.5,7.0,5474.0,867,0.214650049767825,0.22639780018331807,0.20253164556962025,2284
37,"true",0.5,7.0,5474.0,1137,0.22487590895019696,0.2612350963008254,0.20657995409334354,4246
53,"true",0.5,7.0,5474.0,1418,0.23975996511236294,0.308584686774942,0.20511231603408211,6702
69,"true",0.5,7.0,5474.0,1768,0.2577729163338818,0.37195972114639814,0.20532260560111404,9302
85,"true",0.5,7.0,5474.0,2143,0.2774893541809471,0.42117610259618393,0.21071596428011907,12102
101,"true",0.5,7.0,5474.0,2545,0.29716503177962955,0.49049844236760126,0.21114050101135834,15166
117,"true",0.5,7.0,5474.0,2957,0.3167596948567994,0.5263719512195122,0.20484682213077274,17372
133,"true",0.5,7.0,5474.0,3402,0.33770236216695443,0.5957976653696498,0.20522388059701493,19734
149,"true",0.5,7.0,5474.0,3943,0.3572539535002115,0.6375154511742892,0.2121586174972998,21944
165,"true",0.5,7.0,5474.0,4458,0.37643591601840964,0.6629126812712126,0.202994751466502,23990
181,"true",0.5,7.0,5474.0,5009,0.395529524462952,0.6891001073125862,0.20683287165281625,25534
197,"true",0.5,7.0,5474.0,5558,0.41427875730976915,0.7495330012453301,0.21231917872141856,26662
6,"true",0.5,7.0,5474.0,556,0.20482895761522216,0.20317361543248288,0.20762052877138415,730
22,"true",0.5,7.0,5474.0,788,0.21789917147017146,0.23611752038147976,0.20584166026133743,2378
38,"true",0.5,7.0,5474.0,989,0.22811359824916982,0.264319901188822,0.19858156028368795,4418
54,"true",0.5,7.0,5474.0,1293,0.24423094296962652,0.33389596440079794,0.2151510504523846,7114
70,"true",0.5,7.0,5474.0,1645,0.2607882612454776,0.3774447949526814,0.20207416719044627,9500
86,"true",0.5,7.0,5474.0,2005,0.2799166237663023,0.44026412776412777,0.21160933660933662,12436
102,"true",0.5,7.0,5474.0,2396,0.29807887723604637,0.47765579093861144,0.20442587434230888,14774
118,"true",0.5,7.0,5474.0,2867,0.3191982107252247,0.5322255008541699,0.19220012430080796,18134
134,"true",0.5,7.0,5474.0,3371,0.33953536560904785,0.5862016215389322,0.2136725935009197,20016
150,"true",0.5,7.0,5474.0,3892,0.3602647053730081,0.6451411636250195,0.2208398133748056,21702
166,"true",0.5,7.0,5474.0,4408,0.37928611500346676,0.6621266057885776,0.20761138613861385,23642
182,"true",0.5,7.0,5474.0,4996,0.39720763874858594,0.6948580199539525,0.20391190512860002,25320
198,"true",0.5,7.0,5474.0,5580,0.41508207392160823,0.7268695519192537,0.2042339323789217,26888
7,"true",0.5,7.0,5474.0,583,0.202514006270391,0.2016949152542373,0.2018179017100601,812
23,"true",0.5,7.0,5474.0,838,0.21422137603221808,0.23206880663492552,0.20079828062634325,2496
39,"true",0.5,7.0,5474.0,1097,0.22814087766020813,0.27413244430974393,0.20442826812253564,4624
55,"true",0.5,7.0,5474.0,1402,0.24274286332397463,0.33328199599568764,0.21504547556651765,6994
71,"true",0.5,7.0,5474.0,1711,0.2612652349620651,0.37955868832362855,0.2173380303262368,9710
87,"true",0.5,7.0,5474.0,2112,0.2796889372412581,0.4308312655086849,0.2058457711442786,12272
103,"true",0.5,7.0,5474.0,2514,0.29814900240140296,0.47382878071112466,0.20348570554961015,14980
119,"true",0.5,7.0,5474.0,2939,0.31771809316986077,0.5250578257517348,0.21102192034578574,17548
135,"true",0.5,7.0,5474.0,3423,0.3384319424141079,0.5977688255345522,0.20934176044396485,20208
151,"true",0.5,7.0,5474.0,3903,0.3585833023012412,0.6295092119523146,0.20940303124033405,21944
167,"true",0.5,7.0,5474.0,4420,0.37788542683352977,0.6636533665835411,0.21376189733187706,23580
183,"true",0.5,7.0,5474.0,4939,0.3967714250007569,0.7142857142857143,0.2060790273556231,25690
199,"true",0.5,7.0,5474.0,5522,0.4146487603931315,0.7302528879175773,0.20846956250973064,26876
8,"true",0.5,7.0,5474.0,619,0.20914251583313065,0.19726623174899036,0.19857275829972076,1120
24,"true",0.5,7.0,5474.0,878,0.22034170192247565,0.23489308955686397,0.20241411327762301,2612
40,"true",0.5,7.0,5474.0,1135,0.2354164887741863,0.2808375056895767,0.20779614742909147,4982
56,"true",0.5,7.0,5474.0,1452,0.2500412907190635,0.325194401244168,0.20655890581286912,7148
72,"true",0.5,7.0,5474.0,1789,0.2665628085636467,0.392280485929571,0.21293302540415704,9744
88,"true",0.5,7.0,5474.0,2163,0.2843649817910806,0.43650915807295676,0.20723633564280217,12226
104,"true",0.5,7.0,5474.0,2570,0.30297873446488766,0.4858490566037736,0.2037655633161251,15222
120,"true",0.5,7.0,5474.0,3035,0.32365398420987174,0.5437585317761262,0.21110942479890726,18282
136,"true",0.5,7.0,5474.0,3512,0.3440731664161812,0.5972572509457755,0.21212121212121213,20286
152,"true",0.5,7.0,5474.0,4007,0.3633716652478335,0.6322848475171643,0.21281721811757148,21630
168,"true",0.5,7.0,5474.0,4514,0.38264064141096626,0.6705166224442016,0.21161048689138576,23622
184,"true",0.5,7.0,5474.0,5057,0.4012723523990848,0.7118827160493827,0.20052444855776647,25422
200,"true",0.5,7.0,5474.0,5618,0.4194492479070771,0.7394096956721211,0.20877273421977685,26860
9,"true",0.5,7.0,5474.0,594,0.21452135217768045,0.20578728643989533,0.2061950993989829,1200
25,"true",0.5,7.0,5474.0,828,0.22334025852977013,0.23741007194244604,0.20064377682403434,2688
41,"true",0.5,7.0,5474.0,1122,0.2381422735195092,0.27925696594427246,0.20210298438224833,5142
57,"true",0.5,7.0,5474.0,1416,0.25284429045117135,0.3372128637059724,0.20734506503442998,7510
73,"true",0.5,7.0,5474.0,1750,0.26902655480469984,0.3813188471404859,0.2092214663643235,9904
89,"true",0.5,7.0,5474.0,2117,0.28693561443296456,0.4275296262534184,0.20282588878760255,12958
105,"true",0.5,7.0,5474.0,2536,0.3041175019467839,0.5005308660700744,0.21230908815968547,15238
121,"true",0.5,7.0,5474.0,2952,0.32468554575553776,0.5359879789631856,0.20406932931424265,18320
137,"true",0.5,7.0,5474.0,3400,0.34402069673811825,0.570155217458122,0.19877017678708686,20322
153,"true",0.5,7.0,5474.0,3880,0.36396133651501544,0.6456717344089358,0.20435588507877664,22190
169,"true",0.5,7.0,5474.0,4392,0.38394406663445096,0.6865992026985587,0.2251920122887865,24472
185,"true",0.5,7.0,5474.0,4908,0.40321416257245957,0.7221098490742182,0.20619841146238904,25818
201,"true",0.5,7.0,5474.0,5484,0.42081061871198816,0.7265465935787001,0.20332080200501254,26906
