"run","allowImportationsDuringBurnIn","isBatchRun","isolatePatientWhenDetected","doActiveSurveillanceAfterBurnIn","isolationEffectiveness","diseaseName","shape1","shape2","importationRate","isActiveSurveillanceAgent","beta","extraIteration","prob1","midstaySurveillanceAdherence","daysBetweenTests","simulationDurationAfterBurnIn","randomSeed","admissionSurveillanceAdherence","meanDetectionTime","avgDecolonizationTime","scale2","scale1","probSurveillanceDetection","burnInPeriod"
1,"false","false","true","true",0.5,"CRE",7.60197,1.23279,0.206,"true",0.0,0,0.62531,0.954,7.0,5475,123456789,0.911,122.0,387.0,23.52147,3.41952,95.0,3650
17,"false","false","true","true",0.5,"CRE",7.60197,1.23279,0.206,"true",0.016,0,0.62531,0.954,7.0,5475,123456789,0.911,122.0,387.0,23.52147,3.41952,95.0,3650
33,"false","false","true","true",0.5,"CRE",7.60197,1.23279,0.206,"true",0.032,0,0.62531,0.954,7.0,5475,123456789,0.911,122.0,387.0,23.52147,3.41952,95.0,3650
49,"false","false","true","true",0.5,"CRE",7.60197,1.23279,0.206,"true",0.048,0,0.62531,0.954,7.0,5475,123456789,0.911,122.0,387.0,23.52147,3.41952,95.0,3650
65,"false","false","true","true",0.5,"CRE",7.60197,1.23279,0.206,"true",0.064,0,0.62531,0.954,7.0,5475,123456789,0.911,122.0,387.0,23.52147,3.41952,95.0,3650
81,"false","false","true","true",0.5,"CRE",7.60197,1.23279,0.206,"true",0.08,0,0.62531,0.954,7.0,5475,123456789,0.911,122.0,387.0,23.52147,3.41952,95.0,3650
97,"false","false","true","true",0.5,"CRE",7.60197,1.23279,0.206,"true",0.096,0,0.62531,0.954,7.0,5475,123456789,0.911,122.0,387.0,23.52147,3.41952,95.0,3650
113,"false","false","true","true",0.5,"CRE",7.60197,1.23279,0.206,"true",0.112,0,0.62531,0.954,7.0,5475,123456789,0.911,122.0,387.0,23.52147,3.41952,95.0,3650
129,"false","false","true","true",0.5,"CRE",7.60197,1.23279,0.206,"true",0.128,0,0.62531,0.954,7.0,5475,123456789,0.911,122.0,387.0,23.52147,3.41952,95.0,3650
145,"false","false","true","true",0.5,"CRE",7.60197,1.23279,0.206,"true",0.144,0,0.62531,0.954,7.0,5475,123456789,0.911,122.0,387.0,23.52147,3.41952,95.0,3650
161,"false","false","true","true",0.5,"CRE",7.60197,1.23279,0.206,"true",0.16,0,0.62531,0.954,7.0,5475,123456789,0.911,122.0,387.0,23.52147,3.41952,95.0,3650
177,"false","false","true","true",0.5,"CRE",7.60197,1.23279,0.206,"true",0.176,0,0.62531,0.954,7.0,5475,123456789,0.911,122.0,387.0,23.52147,3.41952,95.0,3650
193,"false","false","true","true",0.5,"CRE",7.60197,1.23279,0.206,"true",0.192,0,0.62531,0.954,7.0,5475,123456789,0.911,122.0,387.0,23.52147,3.41952,95.0,3650
10,"false","false","true","true",0.5,"CRE",7.60197,1.23279,0.206,"true",0.009,0,0.62531,0.954,7.0,5475,123456789,0.911,122.0,387.0,23.52147,3.41952,95.0,3650
26,"false","false","true","true",0.5,"CRE",7.60197,1.23279,0.206,"true",0.025,0,0.62531,0.954,7.0,5475,123456789,0.911,122.0,387.0,23.52147,3.41952,95.0,3650
42,"false","false","true","true",0.5,"CRE",7.60197,1.23279,0.206,"true",0.041,0,0.62531,0.954,7.0,5475,123456789,0.911,122.0,387.0,23.52147,3.41952,95.0,3650
58,"false","false","true","true",0.5,"CRE",7.60197,1.23279,0.206,"true",0.057,0,0.62531,0.954,7.0,5475,123456789,0.911,122.0,387.0,23.52147,3.41952,95.0,3650
74,"false","false","true","true",0.5,"CRE",7.60197,1.23279,0.206,"true",0.073,0,0.62531,0.954,7.0,5475,123456789,0.911,122.0,387.0,23.52147,3.41952,95.0,3650
90,"false","false","true","true",0.5,"CRE",7.60197,1.23279,0.206,"true",0.089,0,0.62531,0.954,7.0,5475,123456789,0.911,122.0,387.0,23.52147,3.41952,95.0,3650
106,"false","false","true","true",0.5,"CRE",7.60197,1.23279,0.206,"true",0.105,0,0.62531,0.954,7.0,5475,123456789,0.911,122.0,387.0,23.52147,3.41952,95.0,3650
122,"false","false","true","true",0.5,"CRE",7.60197,1.23279,0.206,"true",0.121,0,0.62531,0.954,7.0,5475,123456789,0.911,122.0,387.0,23.52147,3.41952,95.0,3650
138,"false","false","true","true",0.5,"CRE",7.60197,1.23279,0.206,"true",0.137,0,0.62531,0.954,7.0,5475,123456789,0.911,122.0,387.0,23.52147,3.41952,95.0,3650
154,"false","false","true","true",0.5,"CRE",7.60197,1.23279,0.206,"true",0.153,0,0.62531,0.954,7.0,5475,123456789,0.911,122.0,387.0,23.52147,3.41952,95.0,3650
170,"false","false","true","true",0.5,"CRE",7.60197,1.23279,0.206,"true",0.169,0,0.62531,0.954,7.0,5475,123456789,0.911,122.0,387.0,23.52147,3.41952,95.0,3650
186,"false","false","true","true",0.5,"CRE",7.60197,1.23279,0.206,"true",0.185,0,0.62531,0.954,7.0,5475,123456789,0.911,122.0,387.0,23.52147,3.41952,95.0,3650
11,"false","false","true","true",0.5,"CRE",7.60197,1.23279,0.206,"true",0.01,0,0.62531,0.954,7.0,5475,123456789,0.911,122.0,387.0,23.52147,3.41952,95.0,3650
27,"false","false","true","true",0.5,"CRE",7.60197,1.23279,0.206,"true",0.026,0,0.62531,0.954,7.0,5475,123456789,0.911,122.0,387.0,23.52147,3.41952,95.0,3650
43,"false","false","true","true",0.5,"CRE",7.60197,1.23279,0.206,"true",0.042,0,0.62531,0.954,7.0,5475,123456789,0.911,122.0,387.0,23.52147,3.41952,95.0,3650
59,"false","false","true","true",0.5,"CRE",7.60197,1.23279,0.206,"true",0.058,0,0.62531,0.954,7.0,5475,123456789,0.911,122.0,387.0,23.52147,3.41952,95.0,3650
75,"false","false","true","true",0.5,"CRE",7.60197,1.23279,0.206,"true",0.074,0,0.62531,0.954,7.0,5475,123456789,0.911,122.0,387.0,23.52147,3.41952,95.0,3650
91,"false","false","true","true",0.5,"CRE",7.60197,1.23279,0.206,"true",0.09,0,0.62531,0.954,7.0,5475,123456789,0.911,122.0,387.0,23.52147,3.41952,95.0,3650
107,"false","false","true","true",0.5,"CRE",7.60197,1.23279,0.206,"true",0.106,0,0.62531,0.954,7.0,5475,123456789,0.911,122.0,387.0,23.52147,3.41952,95.0,3650
123,"false","false","true","true",0.5,"CRE",7.60197,1.23279,0.206,"true",0.122,0,0.62531,0.954,7.0,5475,123456789,0.911,122.0,387.0,23.52147,3.41952,95.0,3650
139,"false","false","true","true",0.5,"CRE",7.60197,1.23279,0.206,"true",0.138,0,0.62531,0.954,7.0,5475,123456789,0.911,122.0,387.0,23.52147,3.41952,95.0,3650
155,"false","false","true","true",0.5,"CRE",7.60197,1.23279,0.206,"true",0.154,0,0.62531,0.954,7.0,5475,123456789,0.911,122.0,387.0,23.52147,3.41952,95.0,3650
171,"false","false","true","true",0.5,"CRE",7.60197,1.23279,0.206,"true",0.17,0,0.62531,0.954,7.0,5475,123456789,0.911,122.0,387.0,23.52147,3.41952,95.0,3650
187,"false","false","true","true",0.5,"CRE",7.60197,1.23279,0.206,"true",0.186,0,0.62531,0.954,7.0,5475,123456789,0.911,122.0,387.0,23.52147,3.41952,95.0,3650
12,"false","false","true","true",0.5,"CRE",7.60197,1.23279,0.206,"true",0.011,0,0.62531,0.954,7.0,5475,123456789,0.911,122.0,387.0,23.52147,3.41952,95.0,3650
28,"false","false","true","true",0.5,"CRE",7.60197,1.23279,0.206,"true",0.027,0,0.62531,0.954,7.0,5475,123456789,0.911,122.0,387.0,23.52147,3.41952,95.0,3650
44,"false","false","true","true",0.5,"CRE",7.60197,1.23279,0.206,"true",0.043,0,0.62531,0.954,7.0,5475,123456789,0.911,122.0,387.0,23.52147,3.41952,95.0,3650
60,"false","false","true","true",0.5,"CRE",7.60197,1.23279,0.206,"true",0.059,0,0.62531,0.954,7.0,5475,123456789,0.911,122.0,387.0,23.52147,3.41952,95.0,3650
76,"false","false","true","true",0.5,"CRE",7.60197,1.23279,0.206,"true",0.075,0,0.62531,0.954,7.0,5475,123456789,0.911,122.0,387.0,23.52147,3.41952,95.0,3650
92,"false","false","true","true",0.5,"CRE",7.60197,1.23279,0.206,"true",0.091,0,0.62531,0.954,7.0,5475,123456789,0.911,122.0,387.0,23.52147,3.41952,95.0,3650
108,"false","false","true","true",0.5,"CRE",7.60197,1.23279,0.206,"true",0.107,0,0.62531,0.954,7.0,5475,123456789,0.911,122.0,387.0,23.52147,3.41952,95.0,3650
124,"false","false","true","true",0.5,"CRE",7.60197,1.23279,0.206,"true",0.123,0,0.62531,0.954,7.0,5475,123456789,0.911,122.0,387.0,23.52147,3.41952,95.0,3650
140,"false","false","true","true",0.5,"CRE",7.60197,1.23279,0.206,"true",0.139,0,0.62531,0.954,7.0,5475,123456789,0.911,122.0,387.0,23.52147,3.41952,95.0,3650
156,"false","false","true","true",0.5,"CRE",7.60197,1.23279,0.206,"true",0.155,0,0.62531,0.954,7.0,5475,123456789,0.911,122.0,387.0,23.52147,3.41952,95.0,3650
172,"false","false","true","true",0.5,"CRE",7.60197,1.23279,0.206,"true",0.171,0,0.62531,0.954,7.0,5475,123456789,0.911,122.0,387.0,23.52147,3.41952,95.0,3650
188,"false","false","true","true",0.5,"CRE",7.60197,1.23279,0.206,"true",0.187,0,0.62531,0.954,7.0,5475,123456789,0.911,122.0,387.0,23.52147,3.41952,95.0,3650
13,"false","false","true","true",0.5,"CRE",7.60197,1.23279,0.206,"true",0.012,0,0.62531,0.954,7.0,5475,123456789,0.911,122.0,387.0,23.52147,3.41952,95.0,3650
29,"false","false","true","true",0.5,"CRE",7.60197,1.23279,0.206,"true",0.028,0,0.62531,0.954,7.0,5475,123456789,0.911,122.0,387.0,23.52147,3.41952,95.0,3650
45,"false","false","true","true",0.5,"CRE",7.60197,1.23279,0.206,"true",0.044,0,0.62531,0.954,7.0,5475,123456789,0.911,122.0,387.0,23.52147,3.41952,95.0,3650
61,"false","false","true","true",0.5,"CRE",7.60197,1.23279,0.206,"true",0.06,0,0.62531,0.954,7.0,5475,123456789,0.911,122.0,387.0,23.52147,3.41952,95.0,3650
77,"false","false","true","true",0.5,"CRE",7.60197,1.23279,0.206,"true",0.076,0,0.62531,0.954,7.0,5475,123456789,0.911,122.0,387.0,23.52147,3.41952,95.0,3650
93,"false","false","true","true",0.5,"CRE",7.60197,1.23279,0.206,"true",0.092,0,0.62531,0.954,7.0,5475,123456789,0.911,122.0,387.0,23.52147,3.41952,95.0,3650
109,"false","false","true","true",0.5,"CRE",7.60197,1.23279,0.206,"true",0.108,0,0.62531,0.954,7.0,5475,123456789,0.911,122.0,387.0,23.52147,3.41952,95.0,3650
125,"false","false","true","true",0.5,"CRE",7.60197,1.23279,0.206,"true",0.124,0,0.62531,0.954,7.0,5475,123456789,0.911,122.0,387.0,23.52147,3.41952,95.0,3650
141,"false","false","true","true",0.5,"CRE",7.60197,1.23279,0.206,"true",0.14,0,0.62531,0.954,7.0,5475,123456789,0.911,122.0,387.0,23.52147,3.41952,95.0,3650
157,"false","false","true","true",0.5,"CRE",7.60197,1.23279,0.206,"true",0.156,0,0.62531,0.954,7.0,5475,123456789,0.911,122.0,387.0,23.52147,3.41952,95.0,3650
173,"false","false","true","true",0.5,"CRE",7.60197,1.23279,0.206,"true",0.172,0,0.62531,0.954,7.0,5475,123456789,0.911,122.0,387.0,23.52147,3.41952,95.0,3650
189,"false","false","true","true",0.5,"CRE",7.60197,1.23279,0.206,"true",0.188,0,0.62531,0.954,7.0,5475,123456789,0.911,122.0,387.0,23.52147,3.41952,95.0,3650
14,"false","false","true","true",0.5,"CRE",7.60197,1.23279,0.206,"true",0.013,0,0.62531,0.954,7.0,5475,123456789,0.911,122.0,387.0,23.52147,3.41952,95.0,3650
30,"false","false","true","true",0.5,"CRE",7.60197,1.23279,0.206,"true",0.029,0,0.62531,0.954,7.0,5475,123456789,0.911,122.0,387.0,23.52147,3.41952,95.0,3650
46,"false","false","true","true",0.5,"CRE",7.60197,1.23279,0.206,"true",0.045,0,0.62531,0.954,7.0,5475,123456789,0.911,122.0,387.0,23.52147,3.41952,95.0,3650
62,"false","false","true","true",0.5,"CRE",7.60197,1.23279,0.206,"true",0.061,0,0.62531,0.954,7.0,5475,123456789,0.911,122.0,387.0,23.52147,3.41952,95.0,3650
78,"false","false","true","true",0.5,"CRE",7.60197,1.23279,0.206,"true",0.077,0,0.62531,0.954,7.0,5475,123456789,0.911,122.0,387.0,23.52147,3.41952,95.0,3650
94,"false","false","true","true",0.5,"CRE",7.60197,1.23279,0.206,"true",0.093,0,0.62531,0.954,7.0,5475,123456789,0.911,122.0,387.0,23.52147,3.41952,95.0,3650
110,"false","false","true","true",0.5,"CRE",7.60197,1.23279,0.206,"true",0.109,0,0.62531,0.954,7.0,5475,123456789,0.911,122.0,387.0,23.52147,3.41952,95.0,3650
126,"false","false","true","true",0.5,"CRE",7.60197,1.23279,0.206,"true",0.125,0,0.62531,0.954,7.0,5475,123456789,0.911,122.0,387.0,23.52147,3.41952,95.0,3650
142,"false","false","true","true",0.5,"CRE",7.60197,1.23279,0.206,"true",0.141,0,0.62531,0.954,7.0,5475,123456789,0.911,122.0,387.0,23.52147,3.41952,95.0,3650
158,"false","false","true","true",0.5,"CRE",7.60197,1.23279,0.206,"true",0.157,0,0.62531,0.954,7.0,5475,123456789,0.911,122.0,387.0,23.52147,3.41952,95.0,3650
174,"false","false","true","true",0.5,"CRE",7.60197,1.23279,0.206,"true",0.173,0,0.62531,0.954,7.0,5475,123456789,0.911,122.0,387.0,23.52147,3.41952,95.0,3650
190,"false","false","true","true",0.5,"CRE",7.60197,1.23279,0.206,"true",0.189,0,0.62531,0.954,7.0,5475,123456789,0.911,122.0,387.0,23.52147,3.41952,95.0,3650
15,"false","false","true","true",0.5,"CRE",7.60197,1.23279,0.206,"true",0.014,0,0.62531,0.954,7.0,5475,123456789,0.911,122.0,387.0,23.52147,3.41952,95.0,3650
31,"false","false","true","true",0.5,"CRE",7.60197,1.23279,0.206,"true",0.03,0,0.62531,0.954,7.0,5475,123456789,0.911,122.0,387.0,23.52147,3.41952,95.0,3650
47,"false","false","true","true",0.5,"CRE",7.60197,1.23279,0.206,"true",0.046,0,0.62531,0.954,7.0,5475,123456789,0.911,122.0,387.0,23.52147,3.41952,95.0,3650
63,"false","false","true","true",0.5,"CRE",7.60197,1.23279,0.206,"true",0.062,0,0.62531,0.954,7.0,5475,123456789,0.911,122.0,387.0,23.52147,3.41952,95.0,3650
79,"false","false","true","true",0.5,"CRE",7.60197,1.23279,0.206,"true",0.078,0,0.62531,0.954,7.0,5475,123456789,0.911,122.0,387.0,23.52147,3.41952,95.0,3650
95,"false","false","true","true",0.5,"CRE",7.60197,1.23279,0.206,"true",0.094,0,0.62531,0.954,7.0,5475,123456789,0.911,122.0,387.0,23.52147,3.41952,95.0,3650
111,"false","false","true","true",0.5,"CRE",7.60197,1.23279,0.206,"true",0.11,0,0.62531,0.954,7.0,5475,123456789,0.911,122.0,387.0,23.52147,3.41952,95.0,3650
127,"false","false","true","true",0.5,"CRE",7.60197,1.23279,0.206,"true",0.126,0,0.62531,0.954,7.0,5475,123456789,0.911,122.0,387.0,23.52147,3.41952,95.0,3650
143,"false","false","true","true",0.5,"CRE",7.60197,1.23279,0.206,"true",0.142,0,0.62531,0.954,7.0,5475,123456789,0.911,122.0,387.0,23.52147,3.41952,95.0,3650
159,"false","false","true","true",0.5,"CRE",7.60197,1.23279,0.206,"true",0.158,0,0.62531,0.954,7.0,5475,123456789,0.911,122.0,387.0,23.52147,3.41952,95.0,3650
175,"false","false","true","true",0.5,"CRE",7.60197,1.23279,0.206,"true",0.174,0,0.62531,0.954,7.0,5475,123456789,0.911,122.0,387.0,23.52147,3.41952,95.0,3650
191,"false","false","true","true",0.5,"CRE",7.60197,1.23279,0.206,"true",0.19,0,0.62531,0.954,7.0,5475,123456789,0.911,122.0,387.0,23.52147,3.41952,95.0,3650
16,"false","false","true","true",0.5,"CRE",7.60197,1.23279,0.206,"true",0.015,0,0.62531,0.954,7.0,5475,123456789,0.911,122.0,387.0,23.52147,3.41952,95.0,3650
32,"false","false","true","true",0.5,"CRE",7.60197,1.23279,0.206,"true",0.031,0,0.62531,0.954,7.0,5475,123456789,0.911,122.0,387.0,23.52147,3.41952,95.0,3650
48,"false","false","true","true",0.5,"CRE",7.60197,1.23279,0.206,"true",0.047,0,0.62531,0.954,7.0,5475,123456789,0.911,122.0,387.0,23.52147,3.41952,95.0,3650
64,"false","false","true","true",0.5,"CRE",7.60197,1.23279,0.206,"true",0.063,0,0.62531,0.954,7.0,5475,123456789,0.911,122.0,387.0,23.52147,3.41952,95.0,3650
80,"false","false","true","true",0.5,"CRE",7.60197,1.23279,0.206,"true",0.079,0,0.62531,0.954,7.0,5475,123456789,0.911,122.0,387.0,23.52147,3.41952,95.0,3650
96,"false","false","true","true",0.5,"CRE",7.60197,1.23279,0.206,"true",0.095,0,0.62531,0.954,7.0,5475,123456789,0.911,122.0,387.0,23.52147,3.41952,95.0,3650
112,"false","false","true","true",0.5,"CRE",7.60197,1.23279,0.206,"true",0.111,0,0.62531,0.954,7.0,5475,123456789,0.911,122.0,387.0,23.52147,3.41952,95.0,3650
128,"false","false","true","true",0.5,"CRE",7.60197,1.23279,0.206,"true",0.127,0,0.62531,0.954,7.0,5475,123456789,0.911,122.0,387.0,23.52147,3.41952,95.0,3650
144,"false","false","true","true",0.5,"CRE",7.60197,1.23279,0.206,"true",0.143,0,0.62531,0.954,7.0,5475,123456789,0.911,122.0,387.0,23.52147,3.41952,95.0,3650
160,"false","false","true","true",0.5,"CRE",7.60197,1.23279,0.206,"true",0.159,0,0.62531,0.954,7.0,5475,123456789,0.911,122.0,387.0,23.52147,3.41952,95.0,3650
176,"false","false","true","true",0.5,"CRE",7.60197,1.23279,0.206,"true",0.175,0,0.62531,0.954,7.0,5475,123456789,0.911,122.0,387.0,23.52147,3.41952,95.0,3650
192,"false","false","true","true",0.5,"CRE",7.60197,1.23279,0.206,"true",0.191,0,0.62531,0.954,7.0,5475,123456789,0.911,122.0,387.0,23.52147,3.41952,95.0,3650
2,"false","false","true","true",0.5,"CRE",7.60197,1.23279,0.206,"true",0.001,0,0.62531,0.954,7.0,5475,123456789,0.911,122.0,387.0,23.52147,3.41952,95.0,3650
18,"false","false","true","true",0.5,"CRE",7.60197,1.23279,0.206,"true",0.017,0,0.62531,0.954,7.0,5475,123456789,0.911,122.0,387.0,23.52147,3.41952,95.0,3650
34,"false","false","true","true",0.5,"CRE",7.60197,1.23279,0.206,"true",0.033,0,0.62531,0.954,7.0,5475,123456789,0.911,122.0,387.0,23.52147,3.41952,95.0,3650
50,"false","false","true","true",0.5,"CRE",7.60197,1.23279,0.206,"true",0.049,0,0.62531,0.954,7.0,5475,123456789,0.911,122.0,387.0,23.52147,3.41952,95.0,3650
66,"false","false","true","true",0.5,"CRE",7.60197,1.23279,0.206,"true",0.065,0,0.62531,0.954,7.0,5475,123456789,0.911,122.0,387.0,23.52147,3.41952,95.0,3650
82,"false","false","true","true",0.5,"CRE",7.60197,1.23279,0.206,"true",0.081,0,0.62531,0.954,7.0,5475,123456789,0.911,122.0,387.0,23.52147,3.41952,95.0,3650
98,"false","false","true","true",0.5,"CRE",7.60197,1.23279,0.206,"true",0.097,0,0.62531,0.954,7.0,5475,123456789,0.911,122.0,387.0,23.52147,3.41952,95.0,3650
114,"false","false","true","true",0.5,"CRE",7.60197,1.23279,0.206,"true",0.113,0,0.62531,0.954,7.0,5475,123456789,0.911,122.0,387.0,23.52147,3.41952,95.0,3650
130,"false","false","true","true",0.5,"CRE",7.60197,1.23279,0.206,"true",0.129,0,0.62531,0.954,7.0,5475,123456789,0.911,122.0,387.0,23.52147,3.41952,95.0,3650
146,"false","false","true","true",0.5,"CRE",7.60197,1.23279,0.206,"true",0.145,0,0.62531,0.954,7.0,5475,123456789,0.911,122.0,387.0,23.52147,3.41952,95.0,3650
162,"false","false","true","true",0.5,"CRE",7.60197,1.23279,0.206,"true",0.161,0,0.62531,0.954,7.0,5475,123456789,0.911,122.0,387.0,23.52147,3.41952,95.0,3650
178,"false","false","true","true",0.5,"CRE",7.60197,1.23279,0.206,"true",0.177,0,0.62531,0.954,7.0,5475,123456789,0.911,122.0,387.0,23.52147,3.41952,95.0,3650
194,"false","false","true","true",0.5,"CRE",7.60197,1.23279,0.206,"true",0.193,0,0.62531,0.954,7.0,5475,123456789,0.911,122.0,387.0,23.52147,3.41952,95.0,3650
3,"false","false","true","true",0.5,"CRE",7.60197,1.23279,0.206,"true",0.002,0,0.62531,0.954,7.0,5475,123456789,0.911,122.0,387.0,23.52147,3.41952,95.0,3650
19,"false","false","true","true",0.5,"CRE",7.60197,1.23279,0.206,"true",0.018,0,0.62531,0.954,7.0,5475,123456789,0.911,122.0,387.0,23.52147,3.41952,95.0,3650
35,"false","false","true","true",0.5,"CRE",7.60197,1.23279,0.206,"true",0.034,0,0.62531,0.954,7.0,5475,123456789,0.911,122.0,387.0,23.52147,3.41952,95.0,3650
51,"false","false","true","true",0.5,"CRE",7.60197,1.23279,0.206,"true",0.05,0,0.62531,0.954,7.0,5475,123456789,0.911,122.0,387.0,23.52147,3.41952,95.0,3650
67,"false","false","true","true",0.5,"CRE",7.60197,1.23279,0.206,"true",0.066,0,0.62531,0.954,7.0,5475,123456789,0.911,122.0,387.0,23.52147,3.41952,95.0,3650
83,"false","false","true","true",0.5,"CRE",7.60197,1.23279,0.206,"true",0.082,0,0.62531,0.954,7.0,5475,123456789,0.911,122.0,387.0,23.52147,3.41952,95.0,3650
99,"false","false","true","true",0.5,"CRE",7.60197,1.23279,0.206,"true",0.098,0,0.62531,0.954,7.0,5475,123456789,0.911,122.0,387.0,23.52147,3.41952,95.0,3650
115,"false","false","true","true",0.5,"CRE",7.60197,1.23279,0.206,"true",0.114,0,0.62531,0.954,7.0,5475,123456789,0.911,122.0,387.0,23.52147,3.41952,95.0,3650
131,"false","false","true","true",0.5,"CRE",7.60197,1.23279,0.206,"true",0.13,0,0.62531,0.954,7.0,5475,123456789,0.911,122.0,387.0,23.52147,3.41952,95.0,3650
147,"false","false","true","true",0.5,"CRE",7.60197,1.23279,0.206,"true",0.146,0,0.62531,0.954,7.0,5475,123456789,0.911,122.0,387.0,23.52147,3.41952,95.0,3650
163,"false","false","true","true",0.5,"CRE",7.60197,1.23279,0.206,"true",0.162,0,0.62531,0.954,7.0,5475,123456789,0.911,122.0,387.0,23.52147,3.41952,95.0,3650
179,"false","false","true","true",0.5,"CRE",7.60197,1.23279,0.206,"true",0.178,0,0.62531,0.954,7.0,5475,123456789,0.911,122.0,387.0,23.52147,3.41952,95.0,3650
195,"false","false","true","true",0.5,"CRE",7.60197,1.23279,0.206,"true",0.194,0,0.62531,0.954,7.0,5475,123456789,0.911,122.0,387.0,23.52147,3.41952,95.0,3650
4,"false","false","true","true",0.5,"CRE",7.60197,1.23279,0.206,"true",0.003,0,0.62531,0.954,7.0,5475,123456789,0.911,122.0,387.0,23.52147,3.41952,95.0,3650
20,"false","false","true","true",0.5,"CRE",7.60197,1.23279,0.206,"true",0.019,0,0.62531,0.954,7.0,5475,123456789,0.911,122.0,387.0,23.52147,3.41952,95.0,3650
36,"false","false","true","true",0.5,"CRE",7.60197,1.23279,0.206,"true",0.035,0,0.62531,0.954,7.0,5475,123456789,0.911,122.0,387.0,23.52147,3.41952,95.0,3650
52,"false","false","true","true",0.5,"CRE",7.60197,1.23279,0.206,"true",0.051,0,0.62531,0.954,7.0,5475,123456789,0.911,122.0,387.0,23.52147,3.41952,95.0,3650
68,"false","false","true","true",0.5,"CRE",7.60197,1.23279,0.206,"true",0.067,0,0.62531,0.954,7.0,5475,123456789,0.911,122.0,387.0,23.52147,3.41952,95.0,3650
84,"false","false","true","true",0.5,"CRE",7.60197,1.23279,0.206,"true",0.083,0,0.62531,0.954,7.0,5475,123456789,0.911,122.0,387.0,23.52147,3.41952,95.0,3650
100,"false","false","true","true",0.5,"CRE",7.60197,1.23279,0.206,"true",0.099,0,0.62531,0.954,7.0,5475,123456789,0.911,122.0,387.0,23.52147,3.41952,95.0,3650
116,"false","false","true","true",0.5,"CRE",7.60197,1.23279,0.206,"true",0.115,0,0.62531,0.954,7.0,5475,123456789,0.911,122.0,387.0,23.52147,3.41952,95.0,3650
132,"false","false","true","true",0.5,"CRE",7.60197,1.23279,0.206,"true",0.131,0,0.62531,0.954,7.0,5475,123456789,0.911,122.0,387.0,23.52147,3.41952,95.0,3650
148,"false","false","true","true",0.5,"CRE",7.60197,1.23279,0.206,"true",0.147,0,0.62531,0.954,7.0,5475,123456789,0.911,122.0,387.0,23.52147,3.41952,95.0,3650
164,"false","false","true","true",0.5,"CRE",7.60197,1.23279,0.206,"true",0.163,0,0.62531,0.954,7.0,5475,123456789,0.911,122.0,387.0,23.52147,3.41952,95.0,3650
180,"false","false","true","true",0.5,"CRE",7.60197,1.23279,0.206,"true",0.179,0,0.62531,0.954,7.0,5475,123456789,0.911,122.0,387.0,23.52147,3.41952,95.0,3650
196,"false","false","true","true",0.5,"CRE",7.60197,1.23279,0.206,"true",0.195,0,0.62531,0.954,7.0,5475,123456789,0.911,122.0,387.0,23.52147,3.41952,95.0,3650
5,"false","false","true","true",0.5,"CRE",7.60197,1.23279,0.206,"true",0.004,0,0.62531,0.954,7.0,5475,123456789,0.911,122.0,387.0,23.52147,3.41952,95.0,3650
21,"false","false","true","true",0.5,"CRE",7.60197,1.23279,0.206,"true",0.02,0,0.62531,0.954,7.0,5475,123456789,0.911,122.0,387.0,23.52147,3.41952,95.0,3650
37,"false","false","true","true",0.5,"CRE",7.60197,1.23279,0.206,"true",0.036,0,0.62531,0.954,7.0,5475,123456789,0.911,122.0,387.0,23.52147,3.41952,95.0,3650
53,"false","false","true","true",0.5,"CRE",7.60197,1.23279,0.206,"true",0.052,0,0.62531,0.954,7.0,5475,123456789,0.911,122.0,387.0,23.52147,3.41952,95.0,3650
69,"false","false","true","true",0.5,"CRE",7.60197,1.23279,0.206,"true",0.068,0,0.62531,0.954,7.0,5475,123456789,0.911,122.0,387.0,23.52147,3.41952,95.0,3650
85,"false","false","true","true",0.5,"CRE",7.60197,1.23279,0.206,"true",0.084,0,0.62531,0.954,7.0,5475,123456789,0.911,122.0,387.0,23.52147,3.41952,95.0,3650
101,"false","false","true","true",0.5,"CRE",7.60197,1.23279,0.206,"true",0.1,0,0.62531,0.954,7.0,5475,123456789,0.911,122.0,387.0,23.52147,3.41952,95.0,3650
117,"false","false","true","true",0.5,"CRE",7.60197,1.23279,0.206,"true",0.116,0,0.62531,0.954,7.0,5475,123456789,0.911,122.0,387.0,23.52147,3.41952,95.0,3650
133,"false","false","true","true",0.5,"CRE",7.60197,1.23279,0.206,"true",0.132,0,0.62531,0.954,7.0,5475,123456789,0.911,122.0,387.0,23.52147,3.41952,95.0,3650
149,"false","false","true","true",0.5,"CRE",7.60197,1.23279,0.206,"true",0.148,0,0.62531,0.954,7.0,5475,123456789,0.911,122.0,387.0,23.52147,3.41952,95.0,3650
165,"false","false","true","true",0.5,"CRE",7.60197,1.23279,0.206,"true",0.164,0,0.62531,0.954,7.0,5475,123456789,0.911,122.0,387.0,23.52147,3.41952,95.0,3650
181,"false","false","true","true",0.5,"CRE",7.60197,1.23279,0.206,"true",0.18,0,0.62531,0.954,7.0,5475,123456789,0.911,122.0,387.0,23.52147,3.41952,95.0,3650
197,"false","false","true","true",0.5,"CRE",7.60197,1.23279,0.206,"true",0.196,0,0.62531,0.954,7.0,5475,123456789,0.911,122.0,387.0,23.52147,3.41952,95.0,3650
6,"false","false","true","true",0.5,"CRE",7.60197,1.23279,0.206,"true",0.005,0,0.62531,0.954,7.0,5475,123456789,0.911,122.0,387.0,23.52147,3.41952,95.0,3650
22,"false","false","true","true",0.5,"CRE",7.60197,1.23279,0.206,"true",0.021,0,0.62531,0.954,7.0,5475,123456789,0.911,122.0,387.0,23.52147,3.41952,95.0,3650
38,"false","false","true","true",0.5,"CRE",7.60197,1.23279,0.206,"true",0.037,0,0.62531,0.954,7.0,5475,123456789,0.911,122.0,387.0,23.52147,3.41952,95.0,3650
54,"false","false","true","true",0.5,"CRE",7.60197,1.23279,0.206,"true",0.053,0,0.62531,0.954,7.0,5475,123456789,0.911,122.0,387.0,23.52147,3.41952,95.0,3650
70,"false","false","true","true",0.5,"CRE",7.60197,1.23279,0.206,"true",0.069,0,0.62531,0.954,7.0,5475,123456789,0.911,122.0,387.0,23.52147,3.41952,95.0,3650
86,"false","false","true","true",0.5,"CRE",7.60197,1.23279,0.206,"true",0.085,0,0.62531,0.954,7.0,5475,123456789,0.911,122.0,387.0,23.52147,3.41952,95.0,3650
102,"false","false","true","true",0.5,"CRE",7.60197,1.23279,0.206,"true",0.101,0,0.62531,0.954,7.0,5475,123456789,0.911,122.0,387.0,23.52147,3.41952,95.0,3650
118,"false","false","true","true",0.5,"CRE",7.60197,1.23279,0.206,"true",0.117,0,0.62531,0.954,7.0,5475,123456789,0.911,122.0,387.0,23.52147,3.41952,95.0,3650
134,"false","false","true","true",0.5,"CRE",7.60197,1.23279,0.206,"true",0.133,0,0.62531,0.954,7.0,5475,123456789,0.911,122.0,387.0,23.52147,3.41952,95.0,3650
150,"false","false","true","true",0.5,"CRE",7.60197,1.23279,0.206,"true",0.149,0,0.62531,0.954,7.0,5475,123456789,0.911,122.0,387.0,23.52147,3.41952,95.0,3650
166,"false","false","true","true",0.5,"CRE",7.60197,1.23279,0.206,"true",0.165,0,0.62531,0.954,7.0,5475,123456789,0.911,122.0,387.0,23.52147,3.41952,95.0,3650
182,"false","false","true","true",0.5,"CRE",7.60197,1.23279,0.206,"true",0.181,0,0.62531,0.954,7.0,5475,123456789,0.911,122.0,387.0,23.52147,3.41952,95.0,3650
198,"false","false","true","true",0.5,"CRE",7.60197,1.23279,0.206,"true",0.197,0,0.62531,0.954,7.0,5475,123456789,0.911,122.0,387.0,23.52147,3.41952,95.0,3650
7,"false","false","true","true",0.5,"CRE",7.60197,1.23279,0.206,"true",0.006,0,0.62531,0.954,7.0,5475,123456789,0.911,122.0,387.0,23.52147,3.41952,95.0,3650
23,"false","false","true","true",0.5,"CRE",7.60197,1.23279,0.206,"true",0.022,0,0.62531,0.954,7.0,5475,123456789,0.911,122.0,387.0,23.52147,3.41952,95.0,3650
39,"false","false","true","true",0.5,"CRE",7.60197,1.23279,0.206,"true",0.038,0,0.62531,0.954,7.0,5475,123456789,0.911,122.0,387.0,23.52147,3.41952,95.0,3650
55,"false","false","true","true",0.5,"CRE",7.60197,1.23279,0.206,"true",0.054,0,0.62531,0.954,7.0,5475,123456789,0.911,122.0,387.0,23.52147,3.41952,95.0,3650
71,"false","false","true","true",0.5,"CRE",7.60197,1.23279,0.206,"true",0.07,0,0.62531,0.954,7.0,5475,123456789,0.911,122.0,387.0,23.52147,3.41952,95.0,3650
87,"false","false","true","true",0.5,"CRE",7.60197,1.23279,0.206,"true",0.086,0,0.62531,0.954,7.0,5475,123456789,0.911,122.0,387.0,23.52147,3.41952,95.0,3650
103,"false","false","true","true",0.5,"CRE",7.60197,1.23279,0.206,"true",0.102,0,0.62531,0.954,7.0,5475,123456789,0.911,122.0,387.0,23.52147,3.41952,95.0,3650
119,"false","false","true","true",0.5,"CRE",7.60197,1.23279,0.206,"true",0.118,0,0.62531,0.954,7.0,5475,123456789,0.911,122.0,387.0,23.52147,3.41952,95.0,3650
135,"false","false","true","true",0.5,"CRE",7.60197,1.23279,0.206,"true",0.134,0,0.62531,0.954,7.0,5475,123456789,0.911,122.0,387.0,23.52147,3.41952,95.0,3650
151,"false","false","true","true",0.5,"CRE",7.60197,1.23279,0.206,"true",0.15,0,0.62531,0.954,7.0,5475,123456789,0.911,122.0,387.0,23.52147,3.41952,95.0,3650
167,"false","false","true","true",0.5,"CRE",7.60197,1.23279,0.206,"true",0.166,0,0.62531,0.954,7.0,5475,123456789,0.911,122.0,387.0,23.52147,3.41952,95.0,3650
183,"false","false","true","true",0.5,"CRE",7.60197,1.23279,0.206,"true",0.182,0,0.62531,0.954,7.0,5475,123456789,0.911,122.0,387.0,23.52147,3.41952,95.0,3650
199,"false","false","true","true",0.5,"CRE",7.60197,1.23279,0.206,"true",0.198,0,0.62531,0.954,7.0,5475,123456789,0.911,122.0,387.0,23.52147,3.41952,95.0,3650
8,"false","false","true","true",0.5,"CRE",7.60197,1.23279,0.206,"true",0.007,0,0.62531,0.954,7.0,5475,123456789,0.911,122.0,387.0,23.52147,3.41952,95.0,3650
24,"false","false","true","true",0.5,"CRE",7.60197,1.23279,0.206,"true",0.023,0,0.62531,0.954,7.0,5475,123456789,0.911,122.0,387.0,23.52147,3.41952,95.0,3650
40,"false","false","true","true",0.5,"CRE",7.60197,1.23279,0.206,"true",0.039,0,0.62531,0.954,7.0,5475,123456789,0.911,122.0,387.0,23.52147,3.41952,95.0,3650
56,"false","false","true","true",0.5,"CRE",7.60197,1.23279,0.206,"true",0.055,0,0.62531,0.954,7.0,5475,123456789,0.911,122.0,387.0,23.52147,3.41952,95.0,3650
72,"false","false","true","true",0.5,"CRE",7.60197,1.23279,0.206,"true",0.071,0,0.62531,0.954,7.0,5475,123456789,0.911,122.0,387.0,23.52147,3.41952,95.0,3650
88,"false","false","true","true",0.5,"CRE",7.60197,1.23279,0.206,"true",0.087,0,0.62531,0.954,7.0,5475,123456789,0.911,122.0,387.0,23.52147,3.41952,95.0,3650
104,"false","false","true","true",0.5,"CRE",7.60197,1.23279,0.206,"true",0.103,0,0.62531,0.954,7.0,5475,123456789,0.911,122.0,387.0,23.52147,3.41952,95.0,3650
120,"false","false","true","true",0.5,"CRE",7.60197,1.23279,0.206,"true",0.119,0,0.62531,0.954,7.0,5475,123456789,0.911,122.0,387.0,23.52147,3.41952,95.0,3650
136,"false","false","true","true",0.5,"CRE",7.60197,1.23279,0.206,"true",0.135,0,0.62531,0.954,7.0,5475,123456789,0.911,122.0,387.0,23.52147,3.41952,95.0,3650
152,"false","false","true","true",0.5,"CRE",7.60197,1.23279,0.206,"true",0.151,0,0.62531,0.954,7.0,5475,123456789,0.911,122.0,387.0,23.52147,3.41952,95.0,3650
168,"false","false","true","true",0.5,"CRE",7.60197,1.23279,0.206,"true",0.167,0,0.62531,0.954,7.0,5475,123456789,0.911,122.0,387.0,23.52147,3.41952,95.0,3650
184,"false","false","true","true",0.5,"CRE",7.60197,1.23279,0.206,"true",0.183,0,0.62531,0.954,7.0,5475,123456789,0.911,122.0,387.0,23.52147,3.41952,95.0,3650
200,"false","false","true","true",0.5,"CRE",7.60197,1.23279,0.206,"true",0.199,0,0.62531,0.954,7.0,5475,123456789,0.911,122.0,387.0,23.52147,3.41952,95.0,3650
9,"false","false","true","true",0.5,"CRE",7.60197,1.23279,0.206,"true",0.008,0,0.62531,0.954,7.0,5475,123456789,0.911,122.0,387.0,23.52147,3.41952,95.0,3650
25,"false","false","true","true",0.5,"CRE",7.60197,1.23279,0.206,"true",0.024,0,0.62531,0.954,7.0,5475,123456789,0.911,122.0,387.0,23.52147,3.41952,95.0,3650
41,"false","false","true","true",0.5,"CRE",7.60197,1.23279,0.206,"true",0.04,0,0.62531,0.954,7.0,5475,123456789,0.911,122.0,387.0,23.52147,3.41952,95.0,3650
57,"false","false","true","true",0.5,"CRE",7.60197,1.23279,0.206,"true",0.056,0,0.62531,0.954,7.0,5475,123456789,0.911,122.0,387.0,23.52147,3.41952,95.0,3650
73,"false","false","true","true",0.5,"CRE",7.60197,1.23279,0.206,"true",0.072,0,0.62531,0.954,7.0,5475,123456789,0.911,122.0,387.0,23.52147,3.41952,95.0,3650
89,"false","false","true","true",0.5,"CRE",7.60197,1.23279,0.206,"true",0.088,0,0.62531,0.954,7.0,5475,123456789,0.911,122.0,387.0,23.52147,3.41952,95.0,3650
105,"false","false","true","true",0.5,"CRE",7.60197,1.23279,0.206,"true",0.104,0,0.62531,0.954,7.0,5475,123456789,0.911,122.0,387.0,23.52147,3.41952,95.0,3650
121,"false","false","true","true",0.5,"CRE",7.60197,1.23279,0.206,"true",0.12,0,0.62531,0.954,7.0,5475,123456789,0.911,122.0,387.0,23.52147,3.41952,95.0,3650
137,"false","false","true","true",0.5,"CRE",7.60197,1.23279,0.206,"true",0.136,0,0.62531,0.954,7.0,5475,123456789,0.911,122.0,387.0,23.52147,3.41952,95.0,3650
153,"false","false","true","true",0.5,"CRE",7.60197,1.23279,0.206,"true",0.152,0,0.62531,0.954,7.0,5475,123456789,0.911,122.0,387.0,23.52147,3.41952,95.0,3650
169,"false","false","true","true",0.5,"CRE",7.60197,1.23279,0.206,"true",0.168,0,0.62531,0.954,7.0,5475,123456789,0.911,122.0,387.0,23.52147,3.41952,95.0,3650
185,"false","false","true","true",0.5,"CRE",7.60197,1.23279,0.206,"true",0.184,0,0.62531,0.954,7.0,5475,123456789,0.911,122.0,387.0,23.52147,3.41952,95.0,3650
201,"false","false","true","true",0.5,"CRE",7.60197,1.23279,0.206,"true",0.2,0,0.62531,0.954,7.0,5475,123456789,0.911,122.0,387.0,23.52147,3.41952,95.0,3650
