"run","DoActiveSurveillance","IsolationEffectiveness","DaysBetweenTests","tick","ClinicalDetections","MeanDailyPrevalence","MeanDischargePrevalence","ImportationPrevalence","NumberOfTransmissions"
1,"false",0.5,7.0,5474.0,777,0.18017660004485833,0.19430992736077482,0.20907986638323717,0
19,"false",0.5,7.0,5474.0,2922,0.8621268062080162,0.866432605709052,0.2095498783454988,32138
37,"false",0.5,7.0,5474.0,3358,0.9486873322649811,0.9491031733864786,0.2051084782274196,34586
55,"false",0.5,7.0,5474.0,3408,0.9655756237187576,0.9694835680751174,0.21050156739811912,35672
73,"false",0.5,7.0,5474.0,3498,0.9682338025298788,0.9780049566294919,0.20330859616573901,36904
91,"false",0.5,7.0,5474.0,3623,0.9764361295483363,0.9795195565137049,0.21076164045636755,36422
109,"false",0.5,7.0,5474.0,1589,0.5258955816360515,0.5073831633429746,0.1939209726443769,16392
127,"false",0.5,7.0,5474.0,3126,0.9075112737112498,0.9111791730474732,0.19779208831646733,34486
145,"false",0.5,7.0,5474.0,3413,0.9539923272638635,0.95418170406402,0.20306873336464695,34992
163,"false",0.5,7.0,5474.0,3520,0.9659578947601678,0.9702492211838006,0.2062305295950156,35968
181,"false",0.5,7.0,5474.0,3454,0.9717018521861656,0.9760825386900109,0.20721424109931294,36210
199,"false",0.5,7.0,5474.0,3559,0.9795306249514356,0.9839252908756889,0.2038597028641446,36706
217,"false",0.5,7.0,5474.0,2547,0.7993064764440829,0.8083832335329342,0.2054857493104505,29128
235,"false",0.5,7.0,5474.0,3207,0.9391370011724919,0.9375292831485241,0.20641125879593433,34346
253,"false",0.5,7.0,5474.0,3404,0.9590494688911537,0.9669358525064757,0.2023121387283237,35582
271,"false",0.5,7.0,5474.0,3419,0.971642240059448,0.9741219963031423,0.20795437027901958,36026
289,"false",0.5,7.0,5474.0,3545,0.9717860935837596,0.9758809710258418,0.20320603488920322,37620
307,"false",0.5,7.0,5474.0,1009,0.3004523222991971,0.3070744516527649,0.20599598207386802,5860
325,"false",0.5,7.0,5474.0,2978,0.8895350868291776,0.8861678004535147,0.20211960635881907,32790
343,"false",0.5,7.0,5474.0,3413,0.946755606719163,0.9556627255756067,0.21537741734248284,35446
361,"false",0.5,7.0,5474.0,3347,0.9655429283586839,0.9719303747843814,0.22027259909133637,35676
379,"false",0.5,7.0,5474.0,3490,0.9745226603566943,0.9756248071582845,0.20309358081979892,36222
397,"false",0.5,7.0,5474.0,3444,0.9747977254177284,0.9824751861042184,0.2132034632034632,36508
10,"false",0.5,7.0,5474.0,1989,0.6336618417616974,0.6226356589147287,0.20837209302325582,21226
28,"false",0.5,7.0,5474.0,3197,0.9229364485178185,0.9255980118049083,0.20348475420037337,34116
46,"false",0.5,7.0,5474.0,3374,0.9556360313245449,0.9610409848839021,0.20511620652004367,35606
64,"false",0.5,7.0,5474.0,3388,0.9644514654573629,0.9707385044124478,0.1911696359411309,36834
82,"false",0.5,7.0,5474.0,3585,0.9709542983743951,0.9719583205638983,0.2096130221130221,36986
100,"false",0.5,7.0,5474.0,3737,0.9741529749559361,0.9825885978428351,0.19530284301606923,37562
118,"false",0.5,7.0,5474.0,2722,0.8330801492758323,0.8289214944788988,0.20653654108034497,30758
136,"false",0.5,7.0,5474.0,3260,0.9363618896264428,0.9464594127806563,0.20219952867242733,34748
154,"false",0.5,7.0,5474.0,3474,0.9637937844638386,0.9670819873865559,0.21224741631960511,35758
172,"false",0.5,7.0,5474.0,3509,0.9712175439251283,0.9788116075541226,0.20131962559459873,36602
190,"false",0.5,7.0,5474.0,3518,0.9778004593742798,0.9806955722383943,0.20947707406839441,36362
208,"false",0.5,7.0,5474.0,1359,0.42152811064671575,0.41890829007393426,0.21525157232704403,11120
226,"false",0.5,7.0,5474.0,3026,0.9008035458744487,0.9011888219854871,0.20117519715478582,33718
244,"false",0.5,7.0,5474.0,3400,0.956178946299259,0.9584758942457232,0.20915032679738563,34946
262,"false",0.5,7.0,5474.0,3530,0.9669796920418098,0.9714636391531144,0.21058298723273342,36322
280,"false",0.5,7.0,5474.0,3571,0.9723020434993216,0.9806001818732949,0.20360278534665455,36096
298,"false",0.5,7.0,5474.0,3634,0.9749324065921425,0.9813932031370137,0.20703424973122408,37550
316,"false",0.5,7.0,5474.0,2418,0.7545948847295983,0.7471459426103054,0.20867417811390646,26636
334,"false",0.5,7.0,5474.0,3192,0.9246850944231728,0.9284937043370123,0.20436477007014808,34918
352,"false",0.5,7.0,5474.0,3503,0.9582797974290268,0.9644078333851415,0.20068450528935905,35914
370,"false",0.5,7.0,5474.0,3582,0.9700612983034398,0.9790437752250853,0.20721280895383182,36198
388,"false",0.5,7.0,5474.0,3627,0.9737435309880045,0.9809744779582367,0.20682204043833924,36844
11,"false",0.5,7.0,5474.0,2208,0.6708972657178836,0.6852863161179591,0.2047872340425532,23576
29,"false",0.5,7.0,5474.0,3176,0.9279664428048624,0.926094890510949,0.2079538554948391,34140
47,"false",0.5,7.0,5474.0,3574,0.9582029988501554,0.9618414954426078,0.20751507654244628,36158
65,"false",0.5,7.0,5474.0,3539,0.9670976841233165,0.9733581164807931,0.20744186046511628,36192
83,"false",0.5,7.0,5474.0,3578,0.9722651482528855,0.9786363636363636,0.20226586102719032,38024
101,"false",0.5,7.0,5474.0,3654,0.9791971327532855,0.9825027339478206,0.2066167290886392,36928
119,"false",0.5,7.0,5474.0,2848,0.8408943061920486,0.8488408521303258,0.20792854904418678,31686
137,"false",0.5,7.0,5474.0,3407,0.9445424554701254,0.9483678593848085,0.20998116760828625,34304
155,"false",0.5,7.0,5474.0,3463,0.9646849921645846,0.9666718579660489,0.20362556649476482,35756
173,"false",0.5,7.0,5474.0,3434,0.9708300246220397,0.9768097774992165,0.20902983908764255,36142
191,"false",0.5,7.0,5474.0,3494,0.9729481320561423,0.9791405269761606,0.19990622069396685,37002
209,"false",0.5,7.0,5474.0,1464,0.4760129800467043,0.4384416374980977,0.19491396375818487,13844
227,"false",0.5,7.0,5474.0,3120,0.9017763873729381,0.9086465016804155,0.20607077486272118,34452
245,"false",0.5,7.0,5474.0,3294,0.9549264111310014,0.9600853138330286,0.20493300852618757,35436
263,"false",0.5,7.0,5474.0,3621,0.9685762068368496,0.9702011798517622,0.2057091073855913,36778
281,"false",0.5,7.0,5474.0,3544,0.9711561314152773,0.9765013054830287,0.20540789675833462,37064
299,"false",0.5,7.0,5474.0,3530,0.9790366997235777,0.982618227372377,0.20929868503443957,36394
317,"false",0.5,7.0,5474.0,2505,0.7723387451219047,0.7674028941355674,0.20188937985677283,28460
335,"false",0.5,7.0,5474.0,3277,0.9354404572238774,0.9376831713712788,0.19529193123741675,34674
353,"false",0.5,7.0,5474.0,3492,0.9606993895339019,0.9625724045744839,0.20708122582564714,36194
371,"false",0.5,7.0,5474.0,3503,0.969344067685673,0.973101752228712,0.1956016726033762,36348
389,"false",0.5,7.0,5474.0,3579,0.9751618450020798,0.9763732129420617,0.19741974197419743,37278
12,"false",0.5,7.0,5474.0,2349,0.7226395115010922,0.7104277240087418,0.2081581815351082,24728
30,"false",0.5,7.0,5474.0,3171,0.9275368347472875,0.9328007518796992,0.2050438596491228,33552
48,"false",0.5,7.0,5474.0,3306,0.9584442379820115,0.9630619302106256,0.2075353218210361,35246
66,"false",0.5,7.0,5474.0,3508,0.9696282962014579,0.9731066460587326,0.20293890177880897,36256
84,"false",0.5,7.0,5474.0,3489,0.973945094354477,0.9815903465346535,0.2066192390968141,37028
102,"false",0.5,7.0,5474.0,742,0.18941212294352008,0.18773176761433868,0.20144994601264846,0
120,"false",0.5,7.0,5474.0,2825,0.8577607894440245,0.8507462686567164,0.20698596705308114,31700
138,"false",0.5,7.0,5474.0,3353,0.9455172097952973,0.9501466275659824,0.21024133663366337,34756
156,"false",0.5,7.0,5474.0,3476,0.9631013095004354,0.9687836383207751,0.21201413427561838,35590
174,"false",0.5,7.0,5474.0,3507,0.9738761960642432,0.9783543137856924,0.20285407396041122,35946
192,"false",0.5,7.0,5474.0,3464,0.9751483510438943,0.9818489463159514,0.20869297163995068,37474
210,"false",0.5,7.0,5474.0,1652,0.5582582350348618,0.5389993784959602,0.20368059887710543,16976
228,"false",0.5,7.0,5474.0,3089,0.9090149859776253,0.9127155172413793,0.2102263976590174,33332
246,"false",0.5,7.0,5474.0,3408,0.9551785584861661,0.9580289134152029,0.20622568093385213,35714
264,"false",0.5,7.0,5474.0,3459,0.9677336355289781,0.9740996168582375,0.21350896002450606,36620
282,"false",0.5,7.0,5474.0,3504,0.9735305400547603,0.9816170743106403,0.21005778541308762,36092
300,"false",0.5,7.0,5474.0,3707,0.9753835784349536,0.9806321660985435,0.2174856611378081,37442
318,"false",0.5,7.0,5474.0,2608,0.794985104325019,0.7917381137957911,0.20383955049164976,29180
336,"false",0.5,7.0,5474.0,3229,0.9385269481540024,0.9413229571984436,0.2049612403100775,34494
354,"false",0.5,7.0,5474.0,3508,0.9560445310209603,0.9615922873581092,0.2048024786986832,36296
372,"false",0.5,7.0,5474.0,3412,0.9674788028996056,0.975011640540121,0.2056407872307454,36230
390,"false",0.5,7.0,5474.0,3504,0.9738729072195454,0.9797191887675507,0.21243361449547016,36886
13,"false",0.5,7.0,5474.0,2321,0.7380166852732061,0.7444927086565312,0.20475746268656717,26758
31,"false",0.5,7.0,5474.0,3383,0.9343656153858146,0.9356495468277946,0.21901014075980021,34720
49,"false",0.5,7.0,5474.0,3440,0.9577843358777787,0.962640099626401,0.2019650655021834,35574
67,"false",0.5,7.0,5474.0,3582,0.9664876995695255,0.9739765636889363,0.20322482506845146,37018
85,"false",0.5,7.0,5474.0,3536,0.9745743525091733,0.9797577058733323,0.20012268057046464,36854
103,"false",0.5,7.0,5474.0,820,0.21087384546301785,0.20908097987205493,0.19840649898453366,1622
121,"false",0.5,7.0,5474.0,2870,0.8692485272263809,0.8739975323874152,0.21177925490802288,32664
139,"false",0.5,7.0,5474.0,3341,0.9463316730023658,0.9463118580765639,0.20220702517873795,35254
157,"false",0.5,7.0,5474.0,3428,0.9671908682844921,0.967994879180669,0.2056941778630838,35334
175,"false",0.5,7.0,5474.0,3543,0.9711412168572499,0.9738521400778211,0.20429438307141745,36484
193,"false",0.5,7.0,5474.0,3535,0.9736353326058507,0.9820341047503045,0.19670882218497637,37722
211,"false",0.5,7.0,5474.0,1901,0.5927448017076923,0.5905695611577965,0.21741161812801743,18930
229,"false",0.5,7.0,5474.0,3069,0.9195938427431088,0.9217577706323687,0.2056346654417394,33844
247,"false",0.5,7.0,5474.0,3389,0.9589290849284944,0.9607479524030289,0.21050185873605948,35032
265,"false",0.5,7.0,5474.0,3449,0.9666262776356275,0.9733395696913003,0.2032898820608318,36356
283,"false",0.5,7.0,5474.0,3524,0.9712119284519422,0.9781463112213267,0.20031007751937985,36848
301,"false",0.5,7.0,5474.0,3511,0.9761812890663695,0.9836167888906225,0.212130686259184,36344
319,"false",0.5,7.0,5474.0,2661,0.8173594118633308,0.8106256660070026,0.2022266280311118,30038
337,"false",0.5,7.0,5474.0,3265,0.9402099321759333,0.9401936289818863,0.19887867933343717,34746
355,"false",0.5,7.0,5474.0,3387,0.9613522955520687,0.9653799019607843,0.21428571428571427,35756
373,"false",0.5,7.0,5474.0,3584,0.9669068299984493,0.9729606562357588,0.20978277381133223,37178
391,"false",0.5,7.0,5474.0,3445,0.9728898303370355,0.9803738317757009,0.20304489669100512,36980
14,"false",0.5,7.0,5474.0,2412,0.7660481373492559,0.7732843137254902,0.21590214067278288,27744
32,"false",0.5,7.0,5474.0,3269,0.9312498567411863,0.9405330457556617,0.20889300602130617,34942
50,"false",0.5,7.0,5474.0,3431,0.9595133354382019,0.9601642086057472,0.19573495811119573,36672
68,"false",0.5,7.0,5474.0,3625,0.9731161342540954,0.9737937413288115,0.2059095106186519,36390
86,"false",0.5,7.0,5474.0,3582,0.9720466461380076,0.9839964104098116,0.21264196054991033,37768
104,"false",0.5,7.0,5474.0,899,0.2676161388756896,0.2749071782178218,0.2184014869888476,3574
122,"false",0.5,7.0,5474.0,2973,0.8792363004854798,0.8806578153289076,0.2049811320754717,33300
140,"false",0.5,7.0,5474.0,3331,0.9468529413909162,0.9499001075764562,0.21152959262106072,35334
158,"false",0.5,7.0,5474.0,3475,0.9644562592674896,0.969856237440099,0.20154798761609907,36060
176,"false",0.5,7.0,5474.0,3493,0.9716089008288183,0.9755871446229913,0.20430273951400713,36932
194,"false",0.5,7.0,5474.0,3663,0.9726813263358527,0.980760490834722,0.2112739912346985,37848
212,"false",0.5,7.0,5474.0,2063,0.6410606636839544,0.6336618650492798,0.20500758725341425,21570
230,"false",0.5,7.0,5474.0,3260,0.9209551449204324,0.9237091021863855,0.20452783377267794,34018
248,"false",0.5,7.0,5474.0,3277,0.9576078478727529,0.9622052163048571,0.2087894901470128,35214
266,"false",0.5,7.0,5474.0,3587,0.9718556601323373,0.9747699143129165,0.20066730219256435,35894
284,"false",0.5,7.0,5474.0,3563,0.97312659279545,0.9771015829107116,0.20894371626831149,36594
302,"false",0.5,7.0,5474.0,3597,0.9760640325662429,0.9796106086156676,0.2132476671255928,36808
320,"false",0.5,7.0,5474.0,2666,0.8267431449316023,0.826908069299204,0.19865792759051187,30584
338,"false",0.5,7.0,5474.0,3368,0.943129302479581,0.9454145036967123,0.20078864353312303,34556
356,"false",0.5,7.0,5474.0,3383,0.964321165444546,0.9690959409594095,0.20138674884437596,35498
374,"false",0.5,7.0,5474.0,3530,0.9703332854347588,0.9745055624227441,0.19706336939721794,36262
392,"false",0.5,7.0,5474.0,3519,0.9745776388141617,0.9790177183711533,0.20924082140634723,37022
15,"false",0.5,7.0,5474.0,2610,0.8064033033404574,0.79763018397256,0.21288515406162464,28306
33,"false",0.5,7.0,5474.0,3278,0.9344581830567197,0.9349309874108903,0.2133313088369268,34852
51,"false",0.5,7.0,5474.0,3412,0.9578608303905566,0.9650061124694377,0.20510079413561394,36192
69,"false",0.5,7.0,5474.0,3487,0.9670655446938315,0.9723567077932219,0.20619841146238904,36124
87,"false",0.5,7.0,5474.0,3505,0.9747533037798751,0.9808997632202052,0.20401073740723197,36240
105,"false",0.5,7.0,5474.0,1011,0.2981020593209298,0.29047692545145853,0.20566826699705745,5852
123,"false",0.5,7.0,5474.0,2958,0.887908554918579,0.8975894123207815,0.20811784986679205,32478
141,"false",0.5,7.0,5474.0,3391,0.9489053082843945,0.9513984410820725,0.20855614973262032,35076
159,"false",0.5,7.0,5474.0,3503,0.9678950893225755,0.9727035730716148,0.20413476263399694,36664
177,"false",0.5,7.0,5474.0,3524,0.9693016250553123,0.9753822629969419,0.20546064673581452,36614
195,"false",0.5,7.0,5474.0,3664,0.9748936449208938,0.9785876993166287,0.20910470409711684,37352
213,"false",0.5,7.0,5474.0,2217,0.6918858037863985,0.6774844720496894,0.20984977543750968,23400
231,"false",0.5,7.0,5474.0,3163,0.9253520372749237,0.9261514441842311,0.20629970372680492,34288
249,"false",0.5,7.0,5474.0,3431,0.9599838252707081,0.9631322364411944,0.2092101250381214,35496
267,"false",0.5,7.0,5474.0,3505,0.967029338255243,0.9694063926940639,0.20094239246086032,36314
285,"false",0.5,7.0,5474.0,3616,0.9768224378152719,0.9786678944137508,0.2066953316953317,35762
303,"false",0.5,7.0,5474.0,3561,0.9748954804332147,0.9824893516327496,0.1985166482562727,37512
321,"false",0.5,7.0,5474.0,2820,0.8488647584972683,0.8472806607448964,0.21360734859100108,30834
339,"false",0.5,7.0,5474.0,3215,0.9357090862470957,0.9483901515151515,0.20907079646017698,35510
357,"false",0.5,7.0,5474.0,3479,0.9629450444377099,0.9665582907570831,0.20709876543209876,35718
375,"false",0.5,7.0,5474.0,3498,0.9713750493455809,0.974779514157512,0.20348657821659982,36420
393,"false",0.5,7.0,5474.0,3505,0.9678123100587697,0.9795017344686219,0.2052896725440806,37270
16,"false",0.5,7.0,5474.0,2745,0.8137103279553937,0.8116310360293019,0.20346579025993428,30284
34,"false",0.5,7.0,5474.0,3204,0.9399343953342126,0.9450822215327335,0.2066128531511953,34544
52,"false",0.5,7.0,5474.0,3436,0.9656106812380327,0.9692401400944115,0.2058599114909202,34806
70,"false",0.5,7.0,5474.0,3500,0.9681614727689414,0.9725181411147136,0.1973724884080371,36790
88,"false",0.5,7.0,5474.0,3461,0.9727786380473069,0.9784913197111692,0.2017881917681517,37134
106,"false",0.5,7.0,5474.0,1153,0.35237648078957523,0.34685314685314683,0.20136518771331058,8242
124,"false",0.5,7.0,5474.0,3073,0.8921122425505512,0.8994805988389857,0.20780799027798877,33506
142,"false",0.5,7.0,5474.0,3243,0.9534430206832444,0.9546990171990172,0.19849554805035308,35098
160,"false",0.5,7.0,5474.0,3496,0.9705927563075096,0.9701605574068464,0.20617153229466043,35476
178,"false",0.5,7.0,5474.0,3574,0.9710878208737673,0.9766687268232386,0.21126543209876544,36178
196,"false",0.5,7.0,5474.0,3506,0.9770610054559504,0.9819889162561576,0.20283382103804096,37246
214,"false",0.5,7.0,5474.0,2370,0.7330930799360509,0.7171123821301593,0.21757257566399013,25290
232,"false",0.5,7.0,5474.0,3224,0.9386446062248013,0.9330172809298057,0.20006113403637474,34440
250,"false",0.5,7.0,5474.0,3372,0.9530011179891278,0.9611137035308758,0.20649976675478152,36304
268,"false",0.5,7.0,5474.0,3552,0.9687930269015423,0.9720568025652772,0.20533536585365852,36020
286,"false",0.5,7.0,5474.0,3575,0.9729720093782528,0.980110159118727,0.20727775218793182,36996
304,"false",0.5,7.0,5474.0,714,0.1879729132628145,0.19259599204528072,0.20747778118296045,0
322,"false",0.5,7.0,5474.0,2911,0.8556602307294806,0.8505712109672505,0.20042676421277245,31972
340,"false",0.5,7.0,5474.0,3289,0.9451607448570187,0.9529521732357065,0.2021441889372281,35064
358,"false",0.5,7.0,5474.0,3455,0.9674975728564491,0.9685162094763092,0.19672131147540983,35692
376,"false",0.5,7.0,5474.0,3403,0.965618737818461,0.9737536884609411,0.2110646211064621,36884
394,"false",0.5,7.0,5474.0,3454,0.9751047075106768,0.9798689138576779,0.19378628589361369,36856
17,"false",0.5,7.0,5474.0,2697,0.8256250068005396,0.8305616567304676,0.20410079824698701,30676
35,"false",0.5,7.0,5474.0,3328,0.9423771679807547,0.9488950276243094,0.19703749421385588,35114
53,"false",0.5,7.0,5474.0,3420,0.961281055562174,0.964797507788162,0.20755597014925373,35778
71,"false",0.5,7.0,5474.0,3635,0.9686156500077715,0.9764150943396226,0.20272599091336363,36570
89,"false",0.5,7.0,5474.0,3568,0.9796365639933585,0.9834126862233143,0.20617132330365368,36244
107,"false",0.5,7.0,5474.0,1370,0.43251604904239843,0.4201219512195122,0.21341463414634146,11404
125,"false",0.5,7.0,5474.0,3108,0.8942488700083943,0.9008072027320708,0.20123839009287925,33236
143,"false",0.5,7.0,5474.0,3437,0.9560537602637499,0.959950897652294,0.21127623716868393,35140
161,"false",0.5,7.0,5474.0,3513,0.9682513984746046,0.9697250540624035,0.19963002928934792,35800
179,"false",0.5,7.0,5474.0,3562,0.9727871551876235,0.9781538461538462,0.2091946929959889,36292
197,"false",0.5,7.0,5474.0,3576,0.9781357915383085,0.9795412275263484,0.2085586281476904,36862
215,"false",0.5,7.0,5474.0,2323,0.7477514911628322,0.7393715341959335,0.19349367869256862,26812
233,"false",0.5,7.0,5474.0,3142,0.9290599036506271,0.9362562189054726,0.20165186224092255,34430
251,"false",0.5,7.0,5474.0,3404,0.9600931567749202,0.9646582593803519,0.19925105320642847,35666
269,"false",0.5,7.0,5474.0,3499,0.9704649434263934,0.9741165530068195,0.21200866604766327,35896
287,"false",0.5,7.0,5474.0,3640,0.9708795167160709,0.9782839787395596,0.21420948315291966,37704
305,"false",0.5,7.0,5474.0,835,0.21462267791187778,0.21984285934370668,0.2064983061287342,1716
323,"false",0.5,7.0,5474.0,2913,0.8788603027378389,0.8745019920318725,0.19944852941176472,31874
341,"false",0.5,7.0,5474.0,3281,0.9445003188065281,0.9522200030726686,0.21686376900629703,35450
359,"false",0.5,7.0,5474.0,3419,0.9613919954062294,0.9670718572088014,0.20455594889949208,36372
377,"false",0.5,7.0,5474.0,3588,0.9684268800836853,0.9777604976671851,0.20670391061452514,36588
395,"false",0.5,7.0,5474.0,3534,0.9734047360714111,0.9816849816849816,0.19874923733984137,37470
18,"false",0.5,7.0,5474.0,2825,0.8436767621412115,0.8489142153087941,0.20539960116582298,31704
36,"false",0.5,7.0,5474.0,3291,0.9413859208909736,0.9513011718155532,0.2064192272588987,34938
54,"false",0.5,7.0,5474.0,3370,0.9622566358410708,0.9693118412895226,0.20209650069369509,35908
72,"false",0.5,7.0,5474.0,3412,0.9662611515339912,0.9762541280075484,0.20166876574307305,36588
90,"false",0.5,7.0,5474.0,3505,0.97365801064861,0.9795075456711676,0.21122059758423395,36854
108,"false",0.5,7.0,5474.0,1498,0.4665002556142427,0.46411483253588515,0.21291718170580964,13512
126,"false",0.5,7.0,5474.0,3158,0.904538800449709,0.914854517611026,0.20515179392824287,33924
144,"false",0.5,7.0,5474.0,3387,0.9528138385863955,0.9563737623762376,0.21501076591817903,35610
162,"false",0.5,7.0,5474.0,3419,0.9663953500769867,0.9679251074278699,0.20963521625365553,35784
180,"false",0.5,7.0,5474.0,3672,0.973568099615471,0.9758887171561051,0.2014188772362739,36832
198,"false",0.5,7.0,5474.0,3561,0.9740448596387019,0.9792307692307692,0.21363984674329503,37576
216,"false",0.5,7.0,5474.0,2510,0.779811955294346,0.7657418952618454,0.19860031104199066,27690
234,"false",0.5,7.0,5474.0,3186,0.9288004879090309,0.9412609736632083,0.2087123025370991,34608
252,"false",0.5,7.0,5474.0,3448,0.9546808184143007,0.9625668449197861,0.20993883792048929,36508
270,"false",0.5,7.0,5474.0,3532,0.9696080493551493,0.9719739433419179,0.20557491289198607,36916
288,"false",0.5,7.0,5474.0,3616,0.973002021153582,0.9772692366763938,0.2056606675896016,36556
306,"false",0.5,7.0,5474.0,869,0.2578395525288144,0.24532095901005413,0.19667805029493945,3508
324,"false",0.5,7.0,5474.0,2939,0.879615733370576,0.8781350977073396,0.21210727969348658,32712
342,"false",0.5,7.0,5474.0,3306,0.9479820328300218,0.9511341147815497,0.20587340231284237,35014
360,"false",0.5,7.0,5474.0,3366,0.9628450426344575,0.9705608924697862,0.20526315789473684,36100
378,"false",0.5,7.0,5474.0,3488,0.968418507902402,0.97483989021043,0.20277269957343083,37366
396,"false",0.5,7.0,5474.0,3608,0.9757668778679357,0.9830713422007256,0.21396123561477892,36866
2,"false",0.5,7.0,5474.0,781,0.20846932535601304,0.21686376900629703,0.20329078886667692,1610
20,"false",0.5,7.0,5474.0,2946,0.8751915736857078,0.8757332510033962,0.21801166001841055,32096
38,"false",0.5,7.0,5474.0,3336,0.9491411120296879,0.9527522935779816,0.209842579856335,34830
56,"false",0.5,7.0,5474.0,3529,0.961909995350327,0.9655540313976528,0.2071962189358134,36160
74,"false",0.5,7.0,5474.0,3490,0.9704451854907533,0.9785180572851806,0.2101652634861241,36480
92,"false",0.5,7.0,5474.0,3534,0.9728455318925439,0.980817217716781,0.20441383628110815,37312
110,"false",0.5,7.0,5474.0,1851,0.5776053760480468,0.577115987460815,0.20648597838007207,18656
128,"false",0.5,7.0,5474.0,3111,0.9173954681592827,0.9273335360291882,0.205248786407767,34494
146,"false",0.5,7.0,5474.0,3374,0.9529647710616703,0.9597701149425287,0.20608861970035067,34830
164,"false",0.5,7.0,5474.0,3478,0.9685180645393333,0.9723968716454532,0.20242108489120442,36398
182,"false",0.5,7.0,5474.0,3522,0.973370732228906,0.9767952336155534,0.20770073563938019,36482
200,"false",0.5,7.0,5474.0,3506,0.9806671432472566,0.9829502207337494,0.20357907617008258,36806
218,"false",0.5,7.0,5474.0,2642,0.8184586167858438,0.8043308926624084,0.20077760497667185,29850
236,"false",0.5,7.0,5474.0,3220,0.9346252096064658,0.937605915883531,0.2073490813648294,34664
254,"false",0.5,7.0,5474.0,3499,0.9643961860355678,0.9677517493154852,0.20703303394732836,35692
272,"false",0.5,7.0,5474.0,3572,0.9649536996461086,0.9739196360879454,0.19996972449288525,37228
290,"false",0.5,7.0,5474.0,3620,0.9741314495406387,0.9815866196102501,0.20333537331701346,37398
308,"false",0.5,7.0,5474.0,1214,0.3549265430502115,0.3360206875570429,0.1980243161094225,8272
326,"false",0.5,7.0,5474.0,2969,0.8988043641455762,0.9018366054464851,0.21246638190159786,32152
344,"false",0.5,7.0,5474.0,3310,0.9526445130762509,0.954894283476899,0.1957066750235036,35184
362,"false",0.5,7.0,5474.0,3476,0.9677270549171402,0.9679516953088714,0.20575050239604267,35402
380,"false",0.5,7.0,5474.0,3560,0.971403875166072,0.9755760368663594,0.20732082436173485,36642
398,"false",0.5,7.0,5474.0,3654,0.9743620629159343,0.9800184445127574,0.20787813509770733,37500
3,"false",0.5,7.0,5474.0,932,0.26036707769663336,0.25308641975308643,0.20613903099608788,3438
21,"false",0.5,7.0,5474.0,2920,0.8837459330889532,0.8840777879064114,0.20015197568389057,32046
39,"false",0.5,7.0,5474.0,3366,0.9521579616607858,0.9505813953488372,0.19975583702121166,34924
57,"false",0.5,7.0,5474.0,3419,0.9667057392235227,0.9714902142086608,0.20718913915458192,35562
75,"false",0.5,7.0,5474.0,3502,0.9748950800599109,0.9797236407329528,0.20649721762671078,36138
93,"false",0.5,7.0,5474.0,3570,0.975280280244794,0.977719729563614,0.21197161369947548,37298
111,"false",0.5,7.0,5474.0,2006,0.6368664758044419,0.6260137719969395,0.20768877316587533,21570
129,"false",0.5,7.0,5474.0,3097,0.9220085731968053,0.9255252430228912,0.20151252560264693,33960
147,"false",0.5,7.0,5474.0,3466,0.957318949274168,0.9596147872009941,0.2047633776678008,35334
165,"false",0.5,7.0,5474.0,3541,0.963272531208972,0.9747688450086194,0.20540201005025124,36618
183,"false",0.5,7.0,5474.0,3581,0.9752147329592191,0.9751088985687617,0.2034241245136187,36620
201,"false",0.5,7.0,5474.0,3629,0.977120661019784,0.981864893456249,0.20412154031287605,37280
219,"false",0.5,7.0,5474.0,2835,0.8299394145861775,0.8396183552930486,0.21683634705971735,31066
237,"false",0.5,7.0,5474.0,3326,0.9440894960824249,0.9451990632318501,0.19796557120500782,34140
255,"false",0.5,7.0,5474.0,3415,0.9575361970907956,0.9640914036996736,0.20052976004985976,36452
273,"false",0.5,7.0,5474.0,3506,0.9717596853750924,0.9741234114224467,0.20448649473523578,36678
291,"false",0.5,7.0,5474.0,3620,0.9722910864612785,0.9760795278036657,0.19863438857852267,37794
309,"false",0.5,7.0,5474.0,1363,0.4198321883426075,0.4113114501464016,0.20635900601944746,11238
327,"false",0.5,7.0,5474.0,3015,0.8966955557913291,0.8991766350784527,0.2097500388138488,33050
345,"false",0.5,7.0,5474.0,3309,0.9576069673154334,0.9525691699604744,0.1995249406175772,34328
363,"false",0.5,7.0,5474.0,3541,0.9680990194058806,0.9690354544047066,0.2039901020723786,35790
381,"false",0.5,7.0,5474.0,3565,0.9690485259522851,0.9784648515612983,0.20673224715647096,36954
399,"false",0.5,7.0,5474.0,3589,0.9732469546619518,0.9818533392830582,0.20137436510307738,37458
4,"false",0.5,7.0,5474.0,974,0.2922981883385903,0.2893081761006289,0.20030674846625768,5710
22,"false",0.5,7.0,5474.0,2972,0.8898858063441807,0.8871722846441947,0.20228053733208373,32706
40,"false",0.5,7.0,5474.0,3291,0.9505019571146519,0.9532824427480916,0.21455880103991437,35356
58,"false",0.5,7.0,5474.0,3435,0.963839015535558,0.9658133000312207,0.20699890642087174,36064
76,"false",0.5,7.0,5474.0,3571,0.9721436447423927,0.9772691888525611,0.20517214519395544,36678
94,"false",0.5,7.0,5474.0,3420,0.9774494831594032,0.9845442957297642,0.2029608404966571,36262
112,"false",0.5,7.0,5474.0,2111,0.6779392721808938,0.6766893986360818,0.20819798917246712,23560
130,"false",0.5,7.0,5474.0,3081,0.9315115463238098,0.9333029474323914,0.20733749429136855,34326
148,"false",0.5,7.0,5474.0,3367,0.9507021942103505,0.9628410159924742,0.1987450980392157,35822
166,"false",0.5,7.0,5474.0,3562,0.9670334536471119,0.970939125114714,0.20730216926367248,36936
184,"false",0.5,7.0,5474.0,3538,0.9712372791387742,0.9750198886237073,0.20964394060354463,37070
202,"false",0.5,7.0,5474.0,3637,0.9797421529511032,0.9849177330895795,0.20663304294666054,36596
220,"false",0.5,7.0,5474.0,2770,0.8429214854856814,0.8409232688708671,0.19849953110346982,31526
238,"false",0.5,7.0,5474.0,3267,0.9420317307738171,0.947196261682243,0.19950124688279303,35404
256,"false",0.5,7.0,5474.0,3441,0.9609391089045638,0.966692367000771,0.20923076923076922,36128
274,"false",0.5,7.0,5474.0,3540,0.9687892832000682,0.9789734075448361,0.20786255997523603,36820
292,"false",0.5,7.0,5474.0,3546,0.9701766430550777,0.980214986758062,0.20883221893951173,37724
310,"false",0.5,7.0,5474.0,1497,0.47958394028666107,0.4521619135234591,0.199203187250996,14072
328,"false",0.5,7.0,5474.0,3060,0.9065899022127106,0.9119154885816374,0.20952972217910912,34228
346,"false",0.5,7.0,5474.0,3394,0.949314628760083,0.9600123039064903,0.19852828453165722,35646
364,"false",0.5,7.0,5474.0,3495,0.9703880671382408,0.9724812719767619,0.20045906656465187,36244
382,"false",0.5,7.0,5474.0,3528,0.9751559045422592,0.9755170316301703,0.21427484401156596,36166
400,"false",0.5,7.0,5474.0,3634,0.975661576464799,0.9852692956882001,0.20795576716326217,36964
5,"false",0.5,7.0,5474.0,1199,0.3593434828738144,0.3563658648690057,0.21220484513952775,8182
23,"false",0.5,7.0,5474.0,2970,0.8982616210834902,0.8995941680444912,0.19873341375150785,33280
41,"false",0.5,7.0,5474.0,3317,0.9507340060308256,0.9574895656206523,0.19774795619312047,34970
59,"false",0.5,7.0,5474.0,3447,0.964195215564614,0.9713300955663481,0.20470219435736678,36024
77,"false",0.5,7.0,5474.0,3649,0.965394020627072,0.9734188817598534,0.20625759416767922,38086
95,"false",0.5,7.0,5474.0,3621,0.9720794141513762,0.9812596006144393,0.21196238631108372,37784
113,"false",0.5,7.0,5474.0,2211,0.7200560634620379,0.7170471841704719,0.20938738189576347,25006
131,"false",0.5,7.0,5474.0,3299,0.9308151395214557,0.932205995388163,0.21005055921556612,34662
149,"false",0.5,7.0,5474.0,3496,0.9585969997150658,0.9597192554165395,0.1960153256704981,35824
167,"false",0.5,7.0,5474.0,3551,0.9721723890127226,0.9786842508817666,0.21038125861276988,36084
185,"false",0.5,7.0,5474.0,3469,0.9748585540209567,0.9821401077752117,0.20499383477188657,36664
203,"false",0.5,7.0,5474.0,776,0.20092924129552092,0.1906254898886973,0.2062146892655367,0
221,"false",0.5,7.0,5474.0,2822,0.8559804813081688,0.8504488057203712,0.20362473347547974,31616
239,"false",0.5,7.0,5474.0,3363,0.9413814692425926,0.9455283283908226,0.20287365297516788,35544
257,"false",0.5,7.0,5474.0,3628,0.9664045395518936,0.9676475119396087,0.20601780779858767,35722
275,"false",0.5,7.0,5474.0,3407,0.965795258161322,0.9746051409104987,0.20425794507867942,37010
293,"false",0.5,7.0,5474.0,3562,0.9753133935848413,0.9819544272824591,0.2041876814916705,37024
311,"false",0.5,7.0,5474.0,1691,0.5307338070187628,0.5329148805878751,0.20739944734418175,16798
329,"false",0.5,7.0,5474.0,3050,0.9128231693534232,0.914245327469766,0.20119084926355374,33570
347,"false",0.5,7.0,5474.0,3351,0.9522418512674519,0.9563953488372093,0.20543760500992822,35652
365,"false",0.5,7.0,5474.0,3427,0.9679495688058352,0.9734402011629735,0.20534171249018068,35468
383,"false",0.5,7.0,5474.0,3513,0.9696379784349519,0.9771752450980392,0.20593635250917994,37060
401,"false",0.5,7.0,5474.0,3600,0.9788933875075767,0.9814756174794174,0.20339790409653857,36478
6,"false",0.5,7.0,5474.0,1304,0.42088150521861534,0.40196231116648495,0.20500855498522322,11092
24,"false",0.5,7.0,5474.0,2995,0.9020563327063787,0.9061767005473026,0.20637898686679174,33216
42,"false",0.5,7.0,5474.0,3486,0.9509556916354164,0.9528345367952067,0.20452446906740535,35474
60,"false",0.5,7.0,5474.0,3509,0.9670807510947736,0.9697158913518577,0.20926243567753003,35896
78,"false",0.5,7.0,5474.0,3404,0.9697552549707719,0.9793782221527886,0.20346929207688702,36722
96,"false",0.5,7.0,5474.0,3630,0.9751711962001203,0.9836897984305277,0.20792842819682245,37120
114,"false",0.5,7.0,5474.0,2322,0.7424711289047152,0.7511284046692607,0.20833333333333334,26544
132,"false",0.5,7.0,5474.0,3319,0.9278576055011413,0.9358507734303912,0.2010910744052129,35182
150,"false",0.5,7.0,5474.0,3468,0.9589273726230547,0.9673863114377583,0.20510859590088712,36472
168,"false",0.5,7.0,5474.0,3523,0.9686326923146688,0.9753276792598303,0.21206976385244636,36344
186,"false",0.5,7.0,5474.0,3486,0.9731756800922831,0.9796472184531886,0.20366751841274613,37522
204,"false",0.5,7.0,5474.0,813,0.22599530591524136,0.2178477690288714,0.20606435643564355,1626
222,"false",0.5,7.0,5474.0,3023,0.863580036027007,0.8688122605363985,0.20900568618410942,32304
240,"false",0.5,7.0,5474.0,3238,0.9479160864949026,0.9505392912172573,0.20218495153100477,35080
258,"false",0.5,7.0,5474.0,3356,0.9659522515304559,0.9717868338557993,0.2076742364917776,35914
276,"false",0.5,7.0,5474.0,3603,0.9710607698972693,0.9769990737882063,0.20192009910188913,36384
294,"false",0.5,7.0,5474.0,3580,0.9750933022216912,0.9809183990071362,0.1940391182862465,37278
312,"false",0.5,7.0,5474.0,1904,0.5909576130725408,0.5813304388277253,0.21070544554455445,19046
330,"false",0.5,7.0,5474.0,3107,0.917972724856651,0.9174953387197017,0.20289404076552045,33696
348,"false",0.5,7.0,5474.0,3394,0.9565066243682766,0.9629516694618082,0.20777828816414026,36052
366,"false",0.5,7.0,5474.0,3447,0.9673742762480347,0.974679635633781,0.21783400185128046,36170
384,"false",0.5,7.0,5474.0,3548,0.9696577489908815,0.9805659203980099,0.210289089213553,37356
402,"false",0.5,7.0,5474.0,3551,0.9764189590851271,0.9835989478570324,0.21205080545229243,36696
7,"false",0.5,7.0,5474.0,1483,0.48663481897972105,0.4766879775456105,0.20832034901838578,13962
25,"false",0.5,7.0,5474.0,2997,0.9030545249984523,0.9081413210445468,0.2114794352363413,33824
43,"false",0.5,7.0,5474.0,3302,0.9479023095653382,0.954653937947494,0.2026445754341246,35170
61,"false",0.5,7.0,5474.0,3449,0.9670542146761097,0.9708129584352079,0.20777233782129742,35660
79,"false",0.5,7.0,5474.0,3577,0.97642715024998,0.9750467872738615,0.21033840422229122,36148
97,"false",0.5,7.0,5474.0,3515,0.9716522523881679,0.9790730119361339,0.19937743190661478,38286
115,"false",0.5,7.0,5474.0,2391,0.7786354638816357,0.7648759701719677,0.20905499848070494,27896
133,"false",0.5,7.0,5474.0,3262,0.934724770003374,0.9418729817007535,0.2058282208588957,34896
151,"false",0.5,7.0,5474.0,3516,0.9629773533544982,0.9648431580542507,0.202335810708327,35496
169,"false",0.5,7.0,5474.0,3513,0.9682651319493767,0.9745520252973949,0.2212842930358758,36562
187,"false",0.5,7.0,5474.0,3577,0.9717662599153254,0.9799568300955905,0.21150592216582065,37028
205,"false",0.5,7.0,5474.0,900,0.25476803795812347,0.256792018419033,0.20519920012305798,3552
223,"false",0.5,7.0,5474.0,2914,0.8717865818368452,0.873660995589162,0.19949811794228356,32730
241,"false",0.5,7.0,5474.0,3339,0.9499785138085833,0.9482323232323232,0.2054036972665508,34302
259,"false",0.5,7.0,5474.0,3412,0.9656338165641333,0.9658053535509825,0.19925685090571296,35536
277,"false",0.5,7.0,5474.0,3492,0.971612671299207,0.9755756067205974,0.20706834812392963,36286
295,"false",0.5,7.0,5474.0,3592,0.9744429069149404,0.9779917469050894,0.20363026235509457,37200
313,"false",0.5,7.0,5474.0,2031,0.6499728109331153,0.6288756655183213,0.20065635255508674,21200
331,"false",0.5,7.0,5474.0,3161,0.9149573807040293,0.922679605572077,0.21174266083697688,34572
349,"false",0.5,7.0,5474.0,3487,0.957182258245266,0.9643455736705775,0.2040006107802718,35668
367,"false",0.5,7.0,5474.0,3459,0.9625449543372213,0.9706466901085461,0.1992044063647491,36408
385,"false",0.5,7.0,5474.0,3416,0.9784069283306175,0.9804013797428661,0.21553610503282275,35440
403,"false",0.5,7.0,5474.0,3529,0.978691028544663,0.9808517156862745,0.21491026231017027,36588
8,"false",0.5,7.0,5474.0,1598,0.5206022430703227,0.50390625,0.198217914647491,16370
26,"false",0.5,7.0,5474.0,3141,0.9105906320675613,0.9200994870200528,0.2106488668115492,33598
44,"false",0.5,7.0,5474.0,3398,0.9581526858323098,0.95817843866171,0.20738900962434026,35436
62,"false",0.5,7.0,5474.0,3493,0.9709985168993902,0.9725771268307885,0.20249609984399375,35458
80,"false",0.5,7.0,5474.0,3507,0.9758558964546236,0.9837154150197629,0.20414294750158127,35542
98,"false",0.5,7.0,5474.0,3601,0.972988066039287,0.9802560542958507,0.2112567463377024,37356
116,"false",0.5,7.0,5474.0,2496,0.806961280585149,0.7933436532507739,0.20857850727779498,28770
134,"false",0.5,7.0,5474.0,3181,0.9341940094365576,0.9378760529482552,0.21271797955502106,35040
152,"false",0.5,7.0,5474.0,3486,0.9655758482705078,0.9682017543859649,0.20712939698492464,35262
170,"false",0.5,7.0,5474.0,3635,0.9693444191799299,0.9730588769486908,0.20623392343773642,36762
188,"false",0.5,7.0,5474.0,3437,0.9727097957629967,0.9771181199752629,0.20089769385544035,37130
206,"false",0.5,7.0,5474.0,1082,0.3131850732254011,0.3037974683544304,0.20458743842364532,5970
224,"false",0.5,7.0,5474.0,2961,0.8943327739788024,0.8886670761670762,0.20817329850975572,32514
242,"false",0.5,7.0,5474.0,3386,0.9504575016177327,0.9497589049618914,0.2125019388863037,35132
260,"false",0.5,7.0,5474.0,3424,0.9671905905151736,0.9673677698731828,0.20875212617906294,35792
278,"false",0.5,7.0,5474.0,3521,0.9770160517697082,0.9767194157029824,0.2168034032209055,35556
296,"false",0.5,7.0,5474.0,3618,0.9791308861703398,0.9804580152671756,0.21129995406522736,36712
314,"false",0.5,7.0,5474.0,2158,0.6818591846388857,0.6859350850077279,0.2003095975232198,24022
332,"false",0.5,7.0,5474.0,3186,0.9277584287614103,0.9280332154390282,0.21008145074535117,33828
350,"false",0.5,7.0,5474.0,3486,0.9556675044428814,0.9591680685120049,0.2040785035265256,36068
368,"false",0.5,7.0,5474.0,3572,0.9672286628785164,0.9726521412471826,0.21259960908134115,36980
386,"false",0.5,7.0,5474.0,3575,0.9712988131184451,0.9781679389312977,0.1935483870967742,37354
404,"false",0.5,7.0,5474.0,3636,0.9716909271564461,0.9834416589291242,0.2017001545595054,38260
9,"false",0.5,7.0,5474.0,1907,0.574869052816469,0.5621365166819712,0.20562175374274366,19038
27,"false",0.5,7.0,5474.0,3161,0.917606832680314,0.9163382843285844,0.21010315533980584,34144
45,"false",0.5,7.0,5474.0,3429,0.9519665874137091,0.9614469300333175,0.19758192809417754,35612
63,"false",0.5,7.0,5474.0,3377,0.9652476716424016,0.9727511998761418,0.2084493964716806,36816
81,"false",0.5,7.0,5474.0,3491,0.9704258057580969,0.9760460413750195,0.19713707795238836,36864
99,"false",0.5,7.0,5474.0,3603,0.9768061882927365,0.9813211845102505,0.2116732703444072,37346
117,"false",0.5,7.0,5474.0,2647,0.8106830918356767,0.8168278826961461,0.21053437452151277,30104
135,"false",0.5,7.0,5474.0,3258,0.933978764148894,0.939963614311704,0.2000604869197036,35464
153,"false",0.5,7.0,5474.0,3494,0.9586202564557995,0.9637870185668252,0.20227133210558626,36306
171,"false",0.5,7.0,5474.0,3552,0.9702264017183521,0.9771604938271605,0.20948860135551448,36432
189,"false",0.5,7.0,5474.0,3505,0.9769436250193043,0.9827963715983735,0.20028054862842892,36674
207,"false",0.5,7.0,5474.0,1140,0.3524417923263026,0.3376403630210737,0.20104679802955666,8208
225,"false",0.5,7.0,5474.0,3044,0.8943879862341962,0.8968769325912183,0.2146281119529921,33018
243,"false",0.5,7.0,5474.0,3337,0.9487087146450516,0.9509011808576756,0.1990065197143744,35656
261,"false",0.5,7.0,5474.0,3420,0.968698330264221,0.9681978798586572,0.2085504137296966,36300
279,"false",0.5,7.0,5474.0,3441,0.9732552636253526,0.977251480211904,0.19567920422754118,36938
297,"false",0.5,7.0,5474.0,3575,0.9753592662061125,0.9827773467804499,0.20443961502638933,37882
315,"false",0.5,7.0,5474.0,2271,0.7159105621397328,0.7100886056272345,0.21213539229449385,25522
333,"false",0.5,7.0,5474.0,3184,0.9314085624105924,0.9272727272727272,0.19906904577191623,34574
351,"false",0.5,7.0,5474.0,3429,0.9598476346375561,0.9591616581907844,0.20529493729679518,35688
369,"false",0.5,7.0,5474.0,3478,0.9656942222722904,0.9774914622787954,0.21754658385093167,36250
387,"false",0.5,7.0,5474.0,3600,0.9713912070080576,0.9776806617761823,0.20171473109898674,37050
